0
0
0
0
0
0
0
0
0
0
0
0
0
0
0
0
0
0
0
0
0
0
0
0
0
0
0
0
0
0
0
0
0
0
1
1
1
1
1
1
3
5
12
12
17
17
19
20
20
20
24
26
37
48
54
60
74
87
90
139
201
230
264
302
367
409
454
511
584
716
847
986
1171
1251
1320
1423
1468
1572
1666
1761
1825
1914
1983
2070
2160
2268
2418
2534
2629
2718
2811
2910
3007
3127
3256
3382
3517
3649
3848
4006
4154
4295
4474
4648
4838
4997
5182
5369
5558
5723
5891
6067
6253
6442
6629
6821
7019
7201
7377
7542
7728
7918
8113
8306
8503
8697
8857
8997
9134
9267
9394
9513
9626
9733
9831
9935
10050
10154
10265
10382
10484
10589
10698
10810
10919
11031
11147
11268
11385
11504
11631
11771
11920
12076
12248
12445
12685
12968
13273
13571
13907
14272
14657
15070
15500
15941
16404
16879
17348
17808
18242
18712
19195
19689
20216
20770
21355
21948
22549
23084
23691
24278
24872
25484
26159
26764
27357
27973
28615
29229
29831
30394
30950
31465
31972
32504
33055
33626
34155
34693
35160
35712
36204
36699
37187
37664
38133
38583
39025
39444
39847
40258
40667
41068
41460
41858
42228
42619
43016
43403
43781
44146
44494
44833
45158
45469
45773
46071
46364
46653
46938
47216
47488
47752
48007
48254
48496
48734
48966
49194
49413
49623
49826
50023
50214
50400
50579
50754
50914
51067
51213
51368
51530
51690
51847
51995
52136
52270
52399
52520
52658
52804
52940
53072
53325
53399
53584
53777
53998
54203
54402
54616
54829
55081
55357
55630
55880
56143
56419
56706
57026
57332
57651
57942
58272
58574
58979
59527
60169
60800
61381
62051
62693
63446
64257
65108
65975
66819
67679
68589
69591
70629
71652
72755
73774
74862
75867
77000
78025
79110
80168
81212
82221
83199
84152
85084
85927
86730
87502
88252
88825
89416
90014
90579
91121
91638
92102
92597
93065
93507
93933
94371
94781
95203
95659
96069
96549
97007
97441
97857
98249
98631
98988
99311
99610
99897
100159
100408
100645
100873
101120
101382
101657
101913
102144
102369
102641
102860
103127
103381
103611
103833
104092
104341
104606
104852
105124
105369
105596
105854
106097
106359
106610
106887
107122
107339
107578
107841
108116
108381
108629
108629
109088
109313
109559
109782
110049
110303
110513
110711
110894
111069
111247
111418
111600
111764
111917
112094
112279
112461
112622
112805
112960
113092
113255
113430
113593
113761
113948
114104
114234
114382
114543
114681
114851
115008
115143
115265
115410
115540
115688
115842
115970
116066
116157
116255
116349
116438
116543
116657
116750
116836
116946
117061
117192
117304
117429
117524
117622
117739
117879
118004
118116
118251
118378
118516
118645
118799
118975
119142
119323
119486
119642
119805
119992
120174
120363
120562
120736
120922
121112
121344
121580
121866
122108
122311
122522
122717
122999
123272
123473
123692
123900
124104
124288
124483
124682
124889