0
0
0
0
0
0
0
0
0
0
0
0
0
0
0
0
0
0
0
0
0
0
0
0
0
0
0
0
0
0
0
0
0
0
0
0
0
0
0
0
0
0
0
0
0
0
0
0
0
0
0
0
0
0
0
0
0
0
1
2
2
3
3
3
4
4
5
7
7
7
8
8
8
10
14
16
17
19
19
19
19
19
19
19
19
19
19
24
24
24
24
25
25
25
25
26
27
27
27
27
30
35
35
35
36
36
36
43
43
45
45
45
45
48
48
48
48
50
52
52
58
60
61
69
70
70
71
74
81
84
86
86
86
86
86
86
88
91
92
96
113
118
130
138
140
142
148
155
166
172
176
183
186
189
197
212
212
259
267
276
284
291
315
328
346
346
346
386
386
396
458
462
506
525
541
576
607
638
687
705
749
779
812
851
880
916
932
950
1000
1078
1109
1148
1164
1199
1280
1344
1395
1483
1538
1572
1672
1679
1735
1762
1815
1852
1879
1906
1935
1966
2015
2044
2068
2134
2171
2222
2283
2332
2415
2471
2551
2624
2654
2729
2777
2805
2876
2935
2965
2981
3033
3092
3217
3279
3335
3388
3439
3569
3675
3789
3848
3901
3991
4117
4236
4363
4475
4590
4672
4718
4797
4905
4972
5114
5211
5370
5402
5530
5725
5725
5958
6031
6246
6366
6488
6680
6846
7096
7222
7462
7622
7829
8049
8338
8582
8829
9026
9381
9644
9871
10074
10269
10558
10805
11035
11228
11577
11813
12102
12223
12335
12433
12680
12816
12953
13053
13228
13374
13451
13615
13818
13922
14134
14267
14413
14493
14634
14742
14821
14920
15008
15087
15103
15139
15251
15319
15361
15493
15536
15591
15648
15729
15804
15925
16061
16161
16188
16277
16362
16407
16484
16562
16626
16644
16686
16802
16931
17029
17099
17149
17240
17296
17371
17433
17553
17568
17608
17642
17684
17756
17864
17974
18066
18156
18193
18254
18343
18425
18613
18679
18765
18875
18926
19011
19093
19177
19269
19367
19399
19476
19553
19580
19672
19723
19782
19796
19829
19900
19937
19996
20030
20062
20086
20112
20163
20210
20261
20294
20329
20366
20381
20389
20400
20452
20478
20499
20519
20548
20584
20640
20695
20759
20782
20807
20854
20882
20923
20981
21026
21055
21086
21108
21114
21161
21205
21265
21323
21380
21407
21446
21489
21558
21642
21696
21733
21757
21774
21836
21914
21961
22031
22063
22132
22182
22311
22399
22467
22579
22631
22717
22885
23010
23108
23242
23331
23457
23549
23697
23841
23951
24122
24300
24389
24518
24661
24883
25051
25279
25492
25609
25710
25942
26168
26431
26652
26815
26993
27133
27284
27529
27921
28201
28477
28740
28875
29146
29405
29695