0
0
0
0
0
0
0
0
0
0
0
0
0
0
0
0
0
0
0
0
0
0
0
0
0
0
0
0
0
0
0
0
0
0
0
0
0
0
0
0
0
0
0
0
0
0
0
0
0
0
0
1
1
1
1
1
1
1
1
1
1
3
3
3
7
7
7
7
7
7
7
9
15
15
15
15
19
19
19
19
21
21
23
23
23
23
23
23
23
23
23
24
24
24
24
24
24
24
24
24
25
25
25
25
25
25
25
25
25
25
25
25
25
25
25
25
25
25
25
25
25
25
25
25
25
25
25
25
25
25
26
26
26
26
26
26
26
26
26
26
26
26
26
26
26
26
26
26
26
26
26
26
26
26
26
65
65
65
69
69
69
69
69
68
68
68
70
70
70
73
74
74
74
74
74
74
74
76
76
76
76
76
76
76
82
82
82
86
86
91
91
91
91
91
92
92
92
92
92
92
92
92
92
92
92
93
93
93
93
93
94
94
94
94
94
94
94
94
94
94
94
94
94
94
94
95
95
95
95
95
95
95
95
95
95
95
95
95
95
95
95
96
96
96
96
97
97
98
98
101
101
101
101
101
106
107
107
107
107
108
111
111
111
111
111
111
112
112
112
119
119
119
119
122
122
122
124
124
124
124
124
124
127
128
128
128
128
130
130
130
131
131
131
131
131
131
133
134
134
134
134
139
139
139
139
139
139
139
140
141
141
141
141
141
142
144
144
144
144
144
146
146
146
146
147
148
148
148
148
151
151
152
152
153
153
153
154
154
155
155
155
158
158
158
159
159
159
160
160
160
163
163
167
169
176
176
176
176
184
184
187
189
189
190
190
192
195
195
198
201
201
215
215
218
218
234
234
249
249
268
277
288
299
316
316
350
381
419
427
427
443
443
525
548
548
598
598
614
636
646
701
701
726
730
769
769
769
813
813
813
848
848
862
882
882
945
962
963
963
992
992
1008
1011
1033
1033
1072
1080
1080
1103
1122
1122
1128
1136
1136
1136
1147
1152
1170
1170
1173
1173
1177
1180
1182
1197
1198
1198
1201
1201
1209
1213
1216
1216
1217
1217
1217
1217
1222
1227
1227
1228
1232
1232
1232
1232
1232
1232
1232
1232
1232
1232
1232
1232
1231
1237
1238
1240
1240