0
0
0
0
0
0
0
0
0
0
0
0
0
0
0
0
0
0
0
0
0
0
0
0
0
0
0
0
0
0
0
0
0
0
0
0
0
0
0
0
0
1
1
1
2
8
12
12
17
19
19
31
34
45
56
68
79
97
128
158
266
301
387
387
502
589
690
745
820
1054
1054
1133
1265
1451
1451
1554
1628
1715
1795
1975
1975
2142
2208
2277
2443
2571
2669
2758
2839
2941
3031
3144
3435
3607
3780
3892
4003
4127
4285
4428
4532
4681
4783
4887
5020
5208
5371
5611
5776
6034
6278
6563
6879
7134
7479
7805
8068
8371
8809
9283
9931
10649
11353
12076
12628
13228
13933
14702
15419
16214
16851
17415
18319
19268
20197
21037
22020
22794
23620
24761
25987
27373
28764
30295
31577
32785
34159
35552
37510
39570
41204
42785
44931
47203
49851
52457
55343
57744
59933
62268
64530
67197
69941
72786
75376
77815
80447
83426
87030
90693
94060
97509
100166
103265
106910
111146
114783
119301
122524
126755
130774
136118
141900
148027
153520
158334
162526
167416
173355
178996
185373
191302
196543
201919
206743
213535
220682
228195
235677
241811
246499
253868
260911
268574
276072
282437
289100
294569
299126
305966
312659
320884
329043
336802
342154
350867
359638
370188
380292
392009
401239
408426
417735
428239
439172
451198
461882
471806
478792
488007
500034
512293
524198
535705
546481
555537
565446
577338
589012
601713
613658
622934
631365
640147
652174
664799
678266
691235
702484
711325
723132
736609
751001
765002
779689
790818
798486
809728
824468
840915
856369
871468
883882
894206
903730
917035
931967
949063
965609
979119
989680
1002662
1018999
1037325
1053650
1069368
1081336
1090589
1102301
1116609
1130533
1143800
1157179
1166924
1173533
1183131
1195276
1205928
1217028
1228814
1236851
1242182
1250499
1262476
1273356
1284519
1296378
1304846
1310491
1318384
1329005
1339337
1349434
1359042
1366182
1370366
1374631
1381795
1390388
1399431
1407277
1413375
1418807
1424533
1432570
1440103
1447732
1454631
1459832
1463110
1466309
1469919
1475222
1482216
1489328
1494602
1498160
1503222
1510203
1517046
1524372
1531374
1537169
1541285
1547138
1555279
1563865
1563865
1574554
1578267
1583297
1590513
1602163
1613928
1625514
1629594
1634834
1640718
1648940
1662730
1676171
1690006
1703352
1714409
1722217
1730921
1744704
1757429
1770715
1783047
1791979
1799243
1807428
1819569
1831681
1843077
1853830
1862192
1867223
1874801
1885210
1896053
1905524
1915362
1922264
1927239
1933853
1943548
1952744
1961635
1970009
1976689
1980347
1985501
1993295
2001034
2008345
2015496
2021553
2025798
2029057
2033060
2039124
2046795
2054681
2060625
2064334
2069751
2077228
2085411
2093645
2098728
2104197
2107365
2112023
2118676
2126531
2133963
2141854
2146714
2149636
2154694
2162001
2169694
2177898
2185747
2192025
2195722
2201886
2210121
2218425
2226753
2234913
2241739
2245771
2252172
2261577
2269877
2278115
2291051
2301389
2308597
2322611
2332765
2348821
2363251
2373153
2383537
2393492
2407159
2428029
2450068
2473751
2497881
2517300
2532562
2551999
2579000
2604157
2629156
2658628
2677747
2694014
2714475
2743620
2769552
2796768
2824652
2845872
2860884
2879677
2905172
2928890
2954943
2977363
2993865
3005259
3021179
3047417
3071496
3095582
3118134
3136158
3147740
3165121
3191097
3215572
3242103