0
0
0
0
0
0
0
0
0
0
0
0
0
0
0
0
0
0
0
0
0
0
0
0
0
0
0
0
0
0
0
0
0
0
0
0
0
0
0
1
1
1
1
1
1
1
1
1
1
1
4
8
18
26
52
78
84
115
136
160
194
235
249
265
290
329
407
424
482
532
571
663
736
770
822
833
853
881
921
937
967
1013
1039
1067
1111
1159
1201
1248
1291
1339
1401
1473
1523
1596
1677
1746
1808
1867
1932
2066
2148
2273
2386
2507
2619
2782
2884
3029
3175
3313
3392
3538
3718
3860
4044
4283
4472
4823
5041
5271
5606
5928
6302
6661
7113
7402
7774
8216
8676
8927
9282
9492
10009
10524
11221
11817
12364
13130
13325
13675
14103
14669
15281
16004
16667
17064
17489
18033
18698
19157
19708
20268
20588
21006
21717
22488
23247
23909
24645
25127
25542
26065
26658
27320
27900
28606
28936
29285
29820
30346
30903
31392
31969
32151
32490
33005
33559
34001
34462
34877
34981
35254
35693
36162
36613
36996
37317
37390
37629
37937
38196
38550
38841
39050
39102
39298
39586
39819
39985
40185
40410
40433
40593
40794
41023
41299
41495
41663
41701
41846
42056
42319
42477
42616
42792
42825
42936
43067
43270
43451
43626
43750
43781
43878
44075
44271
44461
44649
44783
44845
44953
45152
45326
45503
45675
45862
45969
46119
46376
46671
46910
47154
47431
47552
47667
47877
48251
48643
49072
49400
49574
49901
50359
50850
51382
51925
52496
52677
53083
53755
54473
55087
55736
56451
56821
57566
58624
59995
61460
63000
64694
65460
66694
68530
70836
73310
75523
77837
78810
80410
82651
85034
87432
89813
92254
93448
94776
97150
99563
101773
104249
106424
107466
108687
110548
112680
114383
115855
117337
117886
118870
120459
121979
123646
124839
126224
126709
127522
129085
130870
132346
133594
134768
135124
135967
137231
138508
139692
140959
141937
142344
142928
144066
145240
146317
147312
148325
148682
149120
150218
151392
152253
153173
153825
154065
154602
155440
156142
156763
157349
157834
157948
158296
158878
159409
159738
159798
160027
160220
160544
160853
161054
161415
161794
162131
162288
162643
163128
163576
163972
164235
164586
164676
164912
165221
165528
165711
165909
166036
166094
166232
166427
166669
166728
166901
167026
167088
167231
167421
167568
167726
167937
168088
168177
168300
168496
168676
168830
169022
169167
169255
169391
169597
169820
170011
170234
170402
170506
170672
170945
171227
171510
171793
172058
172216
172456
172816
173307
173749
174257
174679
175016
175198
175538
176286
177104
177899
178385
178702
179287
180141
181165
182056
183127
183713
184219
185020
186184
187441
188446
189540
190317
190741
191491
192639
193736
194852
196044
196634
197113
197873
198898
200129
201158
202167
202817
203327
204053
205128
206142
207103
207973
208520
208818
209485
210518
211399
212114
212878
213288
213469
214064
214872
215528
216064
216596
216863
217008
217407
217900
218325
218681
219092
219270
219353
219596
219950
220217