0
0
0
0
0
0
0
0
0
0
0
0
0
0
0
0
0
0
0
0
0
0
0
0
0
0
0
0
0
0
0
0
0
0
2
2
3
3
9
14
18
21
29
41
55
79
104
131
182
246
302
504
655
860
1018
1332
1646
2013
2388
2814
3582
4474
5283
5588
6909
7657
8271
8788
9618
10180
10711
11129
11524
11781
12051
12297
12639
12942
13244
13555
13806
13945
14041
14226
14336
14476
14595
14671
14749
14795
14873
14925
15002
15071
15148
15225
15274
15357
15402
15452
15531
15558
15597
15621
15650
15684
15752
15774
15833
15871
15882
15961
15997
16058
16109
16201
16242
16269
16321
16353
16404
16436
16486
16503
16539
16557
16591
16628
16655
16685
16731
16733
16759
16771
16805
16843
16898
16902
16968
16979
17005
17034
17064
17078
17109
17135
17189
17203
17223
17271
17323
17341
17380
17408
17449
17477
17522
17580
17654
17723
17766
17873
17941
18050
18165
18280
18365
18421
18513
18615
18709
18783
18897
18948
19021
19154
19270
19439
19573
19655
19743
19827
19929
20099
20214
20338
20472
20558
20677
20850
20955
21130
21212
21304
21385
21481
21566
21696
21837
21919
22033
22106
22245
22439
22594
22876
23179
23370
23534
23829
24084
24431
24762
25062
25253
25495
25706
26033
26361
26590
26985
27166
27438
27642
27969
28372
28729
29087
29271
29561
30081
30583
31247
31827
32696
33159
33541
34305
35073
35853
36661
37474
38095
38658
39303
39984
40816
41500
42214
42876
43432
44041
44813
45686
46374
47432
48146
48896
49819
50848
52057
53188
54423
55319
56298
57326
58672
60224
61387
63134
64806
65927
67451
69409
71844
74415
78029
80811
83267
86102
89496
93949
99576
104925
109881
114016
118198
125099
132515
138979
147220
153153
158746
164866
172380
181642
191228
198291
203956
208613
214597
221688
228683
235351
241962
247188
250333
254710
260512
266038
270992
275661
279708
282456
285489
289461
293430
297245
300689
303430
305693
308070
311002
313688
316581
319822
322463
325051
327679
330343
332828
334913
337209
338854
340373
342226
344357
347204
349055
350484
351892
353484
355352
357902
360815
362911
364302
365768
367410
369721
372190
374730
376793
379071
380722
382258
383833
385750
389260
390788
392511
393778
394939
396425
398096
399798
401886
403512
404714
405723
407140
408781
410230
411730
413208
414398
415522
416763
418283
419801
421189
422522
423839
424896
426093
427562
429139
430870
432303
433487
434712
436139
437874
439841
441659
443536
445374
446644
448371
450376
452767
454860
457317
459440
460849
462769
465322
467646
470314
472871
475070
476980
479391
481919
484916
488042
491065
493568
495464
497889
501224
504581
508096
511440
514153
516565
519980
523269
526393
530288
533786
536465
539541
542542
546229
549592
552729
556012
558755
560972
562907
566008
568914
571616
574755
577007
578950
581263
584205
586883
589299
591347
593423
595540
597566
600089
602494
604823
606954
608979
610545
612170
614510
616739
618870
620485
622110
623201
624595
626239
627484
628817
630050
631076
631896
632766
633960
634893