0
0
0
0
0
0
0
0
0
0
0
0
0
0
0
0
0
0
0
0
0
0
0
0
0
0
0
0
0
0
0
0
0
1
23
33
33
36
41
47
49
49
52
55
60
85
85
95
110
195
195
195
210
214
214
228
256
278
285
305
334
377
392
419
458
466
476
499
515
567
569
643
672
688
700
756
811
823
887
925
1040
1136
1361
1528
1671
1700
1740
1773
1881
1907
1973
2027
2217
2518
2588
2647
2723
2811
2921
3040
3170
3284
3383
3533
3720
3934
4199
4444
4774
4941
5236
5531
5816
6198
6583
6747
6956
7184
7532
7888
8174
8414
8802
9138
9171
9366
9692
10052
10449
10793
11398
11871
12311
12815
13296
13835
14383
14763
15417
15731
16200
16667
17269
17713
18227
19013
19553
19961
20430
20916
21331
21764
22407
23062
23570
24081
24805
25267
25705
26239
26758
27414
27837
28410
28857
29367
29821
30321
30931
31528
32039
32470
32941
33476
34078
34560
35084
35473
36004
36422
36936
37316
37637
37996
38458
38747
39131
39482
39921
40311
40755
40982
41190
41536
41835
42132
42514
42889
43307
43629
44011
44397
44804
45264
45726
46052
46430
46835
47185
47581
47950
48303
48661
49038
49330
49719
50076
50393
50756
51113
51391
51574
51972
52440
52807
53433
54095
54771
55415
56076
56778
57450
58207
58839
59586
60307
60965
61643
62484
63189
63879
64499
65039
65752
66402
67014
67701
68190
68775
69361
69848
70422
70864
71374
71803
72310
72662
73116
73476
73932
74422
74860
75287
75614
75948
76272
76621
76954
77325
77571
77902
78224
78533
78907
79211
79574
79975
80255
80533
80765
81022
81262
81466
81645
81923
82133
82363
82624
82786
83023
83264
83456
83632
83811
84042
84192
84349
84523
84703
84882
85008
85182
85317
85467
85591
85705
85886
86016
86185
86347
86515
86645
86787
86956
87137
87270
87432
87600
87732
87930
88111
88294
88495
88632
88820
88965
89143
89268
89444
89600
89743
89883
90062
90282
90450
90634
90817
91070
91304
91518
91733
91935
92169
92425
92675
92913
93184
93478
93766
93995
94284
94633
95030
95317
95558
95879
96195
96470
96812
97020
97268
97607
97940
98260
98573
98878
99210
99456
99817
100230
100689
101116
101503
101971
102626
103057
103582
104239
104792
105496
106198
106713
107329
108048
108807
109604
110416
111312
112102
112742
113590
114361
115057
115705
116482
117234
117809
118530
119205
119858
120495
121127
121778
122394
123039
123531
124269
124857
125514
126126
126602
127255
127800
128428
129081
129825
130404
131001
131683
132369
133137
133779
134510
135326
135982
136741
137550
138283
139124
139953
140818
141845
142669
143574
144445
145380
146454
147770
148817
149791
150811
151931
153074
154280
155402
156462
157729
158789
159964
160934
162089
163113
164110
165118
166157
167165
168201
169254
170335
171370
172576
173548
174659
175752
176934
177997
179297
180462
181880
183330
184697
186403
187905
189356
191018
192750
194289
196105