0
0
0
0
0
0
0
0
0
0
0
0
0
0
0
0
0
0
0
0
0
0
0
0
0
0
0
0
0
0
0
0
0
0
0
0
0
0
0
0
0
0
0
0
0
0
0
0
0
0
0
0
0
0
0
2
2
5
5
6
14
17
18
18
18
24
26
33
33
34
34
46
51
52
56
60
63
63
66
67
68
71
72
72
73
75
75
75
75
75
75
75
76
77
79
79
80
80
80
81
81
81
82
82
82
82
82
83
84
84
84
85
85
85
85
86
88
88
90
90
90
90
92
92
92
92
92
92
92
92
92
92
92
92
92
92
92
92
92
92
96
96
96
96
96
97
97
97
97
97
97
97
97
97
97
97
97
97
97
97
97
97
97
97
97
98
98
98
98
98
98
103
103
103
103
104
104
104
104
105
106
106
106
106
108
108
110
110
110
110
110
110
122
132
132
132
133
133
138
138
142
142
143
144
144
148
150
151
152
153
155
156
157
158
161
161
164
165
165
166
170
173
174
176
176
177
178
178
178
179
180
180
180
180
180
181
183
184
185
185
185
185
189
189
189
189
189
190
190
190
190
190
190
193
193
196
199
200
200
203
203
204
206
208
208
210
215
218
219
219
221
222
222
222
224
226
227
227
233
233
234
234
236
237
237
238
238
239
239
242
242
242
243
243
249
249
249
249
250
250
250
252
253
253
255
259
260
262
263
266
270
270
275
276
278
279
281
284
285
285
287
289
290
291
292
292
292
296
297
301
305
307
307
307
321
327
329
345
347
352
356
365
371
372
383
395
395
556
606
643
743
743
780
808
878
884
968
1007
1036
1036
1095
1095
1095
1095
1156
1156
1156
1341
1387
1401
1401
1443
1477
1498
1523
1545
1558
1586
1611
1641
1656
1676
1709
1732
1814
1857
1904
1947
2061
2061
2268
2331
2457
2647
2677
2715
2772
2791
2852
2907
2949
2994
3038
3068
3115
3140
3163
3186
3217
3264
3285
3303
3333
3353
3372
3391
3404
3421
3442
3458
3471
3492
3512
3533
3551
3559
3574
3582
3593
3603
3609
3629
3634
3642
3652
3659
3665
3668
3668
3679
3691
3691
3704
3708
3719
3730
3734
3740
3744
3753
3765
3773
3781
3784
3793
3797
3806
3820
3820
3824
3825
3828
3831
3838
3855
3863
3866
3881
3884
3915
3929
3931
3933
3942
3946
3950
3957
3959