0
0
0
0
0
0
0
0
0
0
0
0
0
0
0
0
0
0
0
0
0
0
0
0
0
0
0
0
0
0
0
0
0
0
0
0
0
1
1
1
1
1
6
6
6
6
6
6
9
9
12
27
27
27
36
36
51
51
69
76
76
81
81
86
86
94
94
94
152
152
163
304
351
440
562
700
861
1066
1486
1981
2226
2578
2919
3281
3728
4204
4779
5297
5807
6264
6723
7281
8022
8773
9590
10463
11289
12208
13181
14027
14917
15828
16705
17489
18350
19255
20168
21101
22052
22973
23906
24873
25825
26772
27730
28681
29650
30572
31508
32426
33371
34303
35244
36198
37144
38059
38956
39858
40764
41658
42556
43403
44255
45116
45981
46868
47751
48630
49453
50265
51066
51816
52520
53241
53973
54680
55369
56032
56657
57333
57936
58505
59023
59487
59945
60382
60713
61095
61475
61790
62118
62424
62698
62997
63270
63554
63804
64003
64224
64411
64604
64767
64932
65114
65269
65443
65623
65782
65953
66095
66213
66348
66521
66688
66846
67002
67132
67251
67366
67518
67665
67808
67946
68067
68166
68250
68376
68503
68614
68738
68850
68947
69005
69102
69203
69308
69308
69516
69589
69673
69801
69950
70111
70285
70468
70645
70727
70974
71165
71346
71523
71687
71843
71962
72141
72302
72485
72663
72859
73031
73208
73402
73591
73784
73975
74173
74360
74552
74763
74987
75230
75461
75674
75898
76104
76357
76651
76957
77289
77609
77946
78260
78631
79019
79421
79852
79852
80696
81090
81505
81982
82471
82471
83534
83998
84524
85121
85734
86392
87063
87698
88290
88909
89642
90380
91167
91978
92823
93707
94609
95545
96529
97499
98482
99459
100400
101329
102313
103295
104286
105283
106279
107262
108300
109357
110455
111622
112870
114185
115448
116699
118008
119390
120847
122435
123999
125482
126953
128449
130012
131633
133324
135008
136647
138219
139908
141609
143383
145279
147157
148953
150602
152453
154392
156359
158334
160295
162148
164059
165897
167731
169648
171579
173523
175416
177274
179196
181113
183006
184922
186747
188588
190404
192361
194284
196223
198125
199962
201831
203104
204958
206796
208601
210368
212201
213993
215724
217696
219663
221604
223537
225461
227360
228716
230494
232298
234111
235859
237611
238635
239482
241133
242851
244718
246570
248336
249295
249994
251705
253413
255172
256959
258691
259499
260060
261859
263551
265284
267029
268687
269787
270921
272273
273659
275322
276990
278312
279456
280428
281707
282898
284500
285959
287306
288267
289136
290447
291621
293103
294432
295511
296441
297514
298123
298960
300146
301328
302323
303270
304146
305270
306524
307938
309293
310445
311428
312474
313852
314993
316418
317631
318681
319599
320594
321807
323043
324694
326065
327304
328290
329258
330536
331808
333430
334863
336038
336881
337635
338801
340023
341539
342923
344223
345110
345998
347316
348486
350221
351674
352950
353846
354669
355924
357233
358738
359982
361063
361897
362594
363732
364951
366305
367674
368888
369767
370509
371405
372242