0
0
0
0
0
0
0
0
0
0
0
0
0
1
1
1
1
1
1
1
1
1
1
1
1
1
1
1
1
1
1
1
1
1
1
1
1
1
1
2
8
13
23
50
109
169
200
239
267
314
314
559
689
886
1058
1243
1486
1795
2257
2815
3401
3743
4269
4937
6235
7284
9134
10836
11899
12775
13964
15348
16770
18431
19691
20814
22194
23403
24983
26667
28018
29647
30589
31119
33573
34809
36138
37183
38496
39983
40956
41889
42797
44293
45325
46134
46687
47334
47859
48519
49032
49517
49906
50267
50509
50781
51420
52011
52596
53081
53449
53779
53981
54288
54644
54989
55280
55559
55791
55983
56235
56511
56810
57092
57342
57455
57592
57849
58061
58186
58381
58517
58615
58685
58767
58907
59072
59226
59348
59437
59569
59711
59819
59918
60029
60100
60155
60244
60348
60476
60550
60550
60550
60810
60898
61007
61106
61209
61295
61361
61427
61509
61598
61727
61838
62016
62058
62058
62123
62210
62357
62469
62707
62707
62781
62872
63238
63499
63706
63706
64094
64258
64627
64847
65199
65727
66026
66428
66662
67335
68006
68751
69402
69849
70314
70648
71158
72016
72784
73401
74152
74620
75008
75647
76191
77113
77869
78323
78534
78897
79479
80178
80894
81468
81936
82092
82447
83030
83500
83952
84599
85042
85236
85487
85911
86544
87174
87825
88367
88769
89141
89691
90568
91537
92478
93455
94306
94795
95948
97976
99649
100748
102295
103392
105226
106887
108768
110976
112803
114179
115353
117115
118452
121059
124234
127623
130235
132203
134291
137868
143596
148981
156931
162258
165880
173240
181511
191959
202151
213115
222253
230480
240159
253386
270132
287700
305409
321031
333718
347289
368337
392258
412314
429229
441018
447355
452541
468213
479341
488044
494168
500789
503182
507475
515391
520393
525012
531280
535939
537871
540605
545787
550264
553680
556904
558779
559902
561803
564967
567532
570829
574448
576599
577345
579212
582252
584857
587439
589942
591756
592615
594572
597643
600397
600397
603159
608137
609211
611422
615058
618204
621039
623760
625930
626911
629109
632321
634904
637246
638030
638877
639734
641411
644242
646496
648289
649169
650011
650887
652735
655732
658655
660703
662694
664263
665223
667322
670249
672886
675089
677209
678839
679771
681250
684256
686827
689271
691854
693666
694858
696642
699662
702437
705120
707837
710153
711417
713271
716395
718847
721432
723870
725610
726483
728334
730951
733100
735220
737115
738631
739488
741205
743882
746302
749739
752379
754473
755594
757696
760809
763885
766654
769414
771511
772294
774344
777608
780251
783010
785809
787891
789008
791171
794605
798108
801723
805321
808283
809861
813026
818142
822801
827941
827941
837006
839238
842775
849090
854608
860731
866063
870757
872936
876842
882453
887920
892585
897474
900996
902964
904673
908212
913057
917917
922487
925476
927229
930603
935316
939309
943213
947000
949996
951626
955056
960169
964526
968107
972041
974418
976088
979034
982959
986622
990229
993434
995562
996896
999627
1003746
1007264
1010987
1014351
1016609
1017876
1020332
1023583
1026473