0
0
0
0
0
0
0
0
0
0
0
0
0
0
0
0
0
0
0
0
0
0
0
0
0
0
0
0
0
0
0
0
0
0
0
0
0
0
0
0
0
0
0
0
0
0
0
0
0
0
0
0
0
0
0
0
0
0
0
0
0
1
1
2
2
2
2
2
3
3
3
3
4
4
5
7
7
8
9
10
13
14
18
18
18
18
18
18
18
18
18
18
18
18
18
18
18
18
18
18
18
18
18
18
18
18
18
18
18
18
18
18
18
18
18
18
18
18
18
18
18
18
18
18
18
18
18
18
18
18
18
18
18
18
18
19
19
19
19
20
20
20
20
20
20
21
22
22
22
22
22
22
23
23
23
23
24
24
24
24
24
28
28
30
30
30
30
30
30
30
37
37
37
37
39
39
40
40
40
40
40
42
43
47
48
48
48
48
48
48
48
48
56
57
57
57
86
114
114
146
153
177
177
210
296
356
388
452
475
475
553
605
648
668
686
713
730
760
818
870
964
993
1007
1050
1101
1101
1152
1194
1194
1307
1361
1365
1365
1435
1458
1480
1501
1528
1536
1567
1590
1606
1627
1635
1635
1706
1706
1808
1825
1825
1891
1891
1992
1992
2080
2080
2131
2196
2243
2310
2373
2427
2427
2531
2569
2585
2619
2682
2728
2775
2813
2833
2886
2937
2995
3050
3106
3145
3145
3200
3261
3261
3462
3487
3577
3624
3790
3905
3977
4016
4076
4176
4230
4414
4520
4596
4715
4783
4861
4883
4920
4958
5018
5056
5110
5183
5249
5335
5423
5515
5587
5647
5743
5854
5854
5854
7236
7383
7601
7769
7953
8013
8519
8805
8965
9173
9295
9377
9511
9672
9791
9791
9791
9791
10145
10257
10370
10490
10490
10490
10561
10591
10668
10724
10776
10776
10807
10901
10938
11018
11108
11152
11202
11266
11303
11332
11366
11419
11456
11529
11529
11580
11592
11615
11642
11676
11700
11722
11750
11770
11788
11816
11845
11877
11908
11908
11945
11957
11978
12008
12013
12037
12037
12070
12079
12107
12114
12134
12145
12145
12175
12188
12195
12207
12227
12244
12244
12255
12264
12271
12280
12293
12293
12293
12313
12320
12328
12329
12335
12335
12335
12335
12345
12355
12359
12370
12370
12370
12383
12389
12396
12399
12400
12400
12400
12407
12410
12410
12411
12415
12415
12415
12415
12415
12456
12456
12456
12456
12456
12456
12477
12485
12485
12485
12485
12485
12503
12513
12522
12529
12538
12538
12538
12558
12568
12585
12596
12599
12599
12599
12624
12631
12639
12646
12668
12668
12668
12674
12675
12680
12682
12686
12686
12686
12700
12704
12707
12709