0
0
0
0
0
0
0
0
0
0
0
0
0
0
0
0
0
0
0
0
0
0
0
0
0
0
0
0
0
0
0
0
0
0
0
0
0
0
0
0
0
0
0
0
0
0
0
0
0
2
2
3
10
10
11
11
12
12
15
19
24
27
29
32
43
61
74
81
97
107
115
123
132
139
157
183
194
210
264
268
275
300
330
354
397
441
465
493
520
564
598
609
703
807
866
950
1014
1053
1110
1167
1229
1470
1594
1681
1802
1886
2081
2266
2437
2556
2831
2964
3148
3372
3577
3826
4088
4263
4481
4919
5187
5579
5915
6263
6660
7136
7768
8387
8731
9592
9982
10531
10991
11638
12245
12728
13358
13643
13949
14644
15281
16165
16929
17842
18459
19073
19883
20685
21499
22476
23512
24388
25493
26389
27487
28503
29423
30676
31524
32125
33219
34227
35528
36818
38071
39297
40509
41545
42984
44113
45565
47200
48187
49250
50867
52218
54156
56102
58138
59582
60991
62357
64135
65252
66456
68281
69429
71181
72327
73534
75234
76789
78793
80153
81846
83361
85141
86423
87891
89055
89999
91635
93328
95071
96459
97950
99146
100344
101223
103019
105050
106065
107435
108427
109149
110148
110999
112094
113129
114409
115354
115968
116598
117267
117928
118781
119580
120241
120769
121604
122308
123345
124205
125172
125982
126791
127619
128286
128872
129419
130051
130470
130676
130986
131453
131990
132618
133222
133592
133901
134223
134641
135311
135716
136219
136569
136868
137107
137468
137706
137969
138226
138463
138574
138695
138922
139141
139319
139562
139710
139771
139890
140037
140228
140445
140612
140779
140853
140952
141124
141321
141484
141631
141757
141833
141867
141936
142062
142201
142343
142427
142475
142561
142664
142776
142889
143069
143181
143246
143371
143473
143569
143756
143854
143922
143978
144034
144147
144276
144390
144494
144592
144622
144708
144810
144994
145186
145325
145492
145560
145657
145846
146060
146385
146697
147030
147150
147345
147716
148214
148665
149149
149770
150023
150385
151059
152064
153121
153590
154349
154843
155594
156887
158372
160124
160985
162055
162661
163671
165268
166981
168891
171154
172798
173896
175288
176761
178818
181016
183589
185680
187183
188733
191090
193745
196393
198257
199989
201037
202818
205208
208074
210726
213392
215397
216835
218299
220426
222447
224234
225910
227128
227967
229187
230731
232502
233854
235098
236036
236732
237144
237706
238495
239524
240676
241771
242292
243176
244380
245719
246822
247891
248547
249010
249767
250557
251391
252360
253297
253950
254273
254736
255621
256462
257240
258324
259004
259389
260059
260988
262056
262941
263808
264411
264634
265207
266086
267059
267833
268711
269302
269628
270347
271419
272411
273327
273947
274467
274934
275392
276890
277966
279207
280649
281570
282095
283084
284183
285291
286114
287360
287360
289066
290362
291675
293061
294391
295892
297185
297659
298778
300258
301831
301831
303732
306527
306527
308984
308984
310572
314190
314190
317547
317547
318610
320209
322578
324868