0
0
0
0
0
0
0
0
0
0
0
0
0
0
0
0
0
0
0
0
0
0
0
0
0
0
0
0
0
0
0
0
0
0
0
1
1
1
2
2
2
2
4
4
13
13
20
25
31
38
52
151
151
162
200
321
372
621
793
1021
1546
1924
2247
2554
2985
3417
3904
4256
4579
5717
6836
8044
9056
10360
11130
12161
14034
16170
18092
19638
20727
22192
23430
25262
28320
30425
33682
36658
38654
40743
43079
45757
50036
54043
59324
63100
67446
73235
79685
87187
92202
97100
101826
108620
115455
126611
135773
146894
156061
162699
169594
178214
190137
203165
220291
233511
241080
255368
271885
291579
310087
330890
347398
363211
374898
391222
411821
438238
465166
498440
514849
526447
555383
584016
614941
645771
672846
691758
707412
739503
772416
802828
828810
850514
867624
888271
923189
955377
978142
1032913
1067579
1083341
1106470
1145906
1188631
1228114
1274974
1313667
1344143
1368195
1402041
1448753
1496858
1539081
1577004
1603055
1623284
1668589
1713160
1755779
1800827
1839850
1864681
1884967
1926824
1966748
2012151
2046328
2074860
2098389
2118646
2159654
2227514
2287475
2343366
2394513
2419091
2442375
2483191
2552265
2610102
2662485
2707877
2733677
2750318
2801921
2859073
2912212
2962442
3012412
3035422
3057470
3109630
3164785
3224876
3275520
3317096
3340197
3359570
3407354
3456652
3501975
3532330
3582362
3605783
3622861
3669995
3717156
3761391
3804803
3846153
3862311
3908272
3950931
3997865
4041638
4091801
4123000
4137521
4147794
4162073
4197889
4238446
4282164
4315687
4330455
4345610
4382263
4419083
4455386
4495183
4528240
4544629
4558040
4591364
4591364
4657702
4689613
4717991
4732309
4745464
4777522
4810935
4847092
4847092
4906833
4915289
4927235
4969141
5000694
5028444
5055888
5082637
5094979
5103408
5113628
5140863
5169386
5200300
5224362
5224362
5250727
5273954
5298772
5323630
5353656
5380635
5394128
5409854
5439641
5468270
5494376
5516658
5535605
5545705
5554206
5566049
5590025
5590025
5631181
5653561
5664115
5675032
5699005
5747660
5781582
5810652
5848959
5863093
5876464
5911758
5945849
5981767
6020164
6052786
6071401
6087608
6118708
6166606
6204220
6238350
6290272
6314740
6335878
6386787
6436650
6487084
6533968
6577177
6603540
6623911
6674999
6728452
6781799
6836227
6880127
6901952
6927145
6970034
7040608
7110434
7162978
7213155
7238600
7263619
7318821
7365517
7423945
7448560
7465806
7484285
7504833
7563551
7619200
7675973
7700578
7716405
7733746
7753752
7810400
7873830
7961673
8013708
8075998
8105790
8131612
8195637
8256536
8324294
8393492
8455059
8488099
8511770
8573864
8638249
8697368
8753920
8816254
8844577
8871393
8933356
8996876
9058687
9118513
9176975
9204731
9229322
9283418
9339420
9396293
9447165
9447165
9524640
9524640
9599565
9659167
9713909
9765455
9809754
9834513
9866710
9921981
9978747
10030626
10084208
10139148
10168174
10195160
10257875
10324463
10390461
10455630
10517232
10551259
10587001
10646926
10718630
10793732
10869227
10938836
11019344
11051665
11122429
11202305
11277717
11363380
11439558
11483370
11519609
11603535
11693838
11780820
11871390
11950459
11998233
12047526
12130019
12220011
12320169
12404414
12490362
12534688
12573615
12658109
12748747
12839844
12910082
12953597
12984956
13013601
13100580
13193205
13279857
13373174
13445006
13482023
13517808
13599994
13673507
13746681
13832455
13900091
13943071
13973695
14043076
14122795
14167973
14237078
14308215
14340787
14369423
14441563
14521289
14590678
14659011
14725975
14754910
14779529
14856888
14930183
15003563
15082449
15145879
15184790
15209990
15282705
15359397
15433989