0
0
0
0
0
0
0
0
0
0
0
0
0
0
0
0
0
0
0
0
0
0
0
0
0
0
0
0
0
0
0
0
0
0
0
0
0
0
0
0
0
0
0
0
0
0
0
1
1
11
11
37
40
50
54
56
68
75
78
83
88
91
104
109
114
115
120
126
127
129
131
133
134
135
135
135
135
135
135
136
136
136
136
136
136
136
136
137
138
138
138
138
138
138
138
138
138
138
138
138
138
138
138
138
138
139
141
141
141
141
141
141
141
141
141
141
141
141
141
141
141
141
141
141
141
141
141
141
141
141
141
141
141
141
141
141
141
141
141
141
141
141
141
141
141
141
141
141
141
141
141
141
141
141
141
141
141
141
141
141
141
141
141
141
141
141
141
141
141
141
141
141
141
141
141
141
141
141
141
141
141
141
141
141
141
141
141
141
141
141
141
141
141
141
141
141
141
141
142
142
142
142
142
142
142
142
142
142
142
142
143
143
143
143
143
143
144
144
144
144
144
144
144
144
144
145
145
145
145
145
145
145
145
145
145
145
145
145
145
145
145
145
145
145
145
145
146
146
146
146
146
146
146
146
146
146
146
146
146
146
146
146
146
146
146
146
147
147
147
147
147
147
147
147
148
148
148
148
148
148
148
148
148
148
148
148
148
148
148
148
148
148
148
148
148
148
148
148
148
148
148
148
148
148
148
148
149
150
150
150
150
150
150
150
151
151
151
151
151
151
151
152
152
152
152
152
152
152
152
152
152
152
152
152
152
152
152
152
152
152
152
152
152
157
157
157
157
172
172
172
172
173
173
173
173
173
174
174
174
174
174
174
174
174
174
174
175
175
175
175
176
176
180
180
180
180
180
180
180
180
180
181
181
182
182
182
183
184
184
184
184
184
185
185
185
185
185
185
185
185
185
185
186
186
186
187
187
188
188
189
189
190
191
192
192
192
192
199
199
202
203
203
203
205
206
206
206
206
206
206
206
207
207
210
212
213
213
214
214
214
214
215
216
219
219
219
219
219
219
221
221
221
221
221
223
223
223
223
223
223
223
223
224
224
224
227
227
227
228
228
228
229
230
230
230
230
231
232