0
0
0
0
0
0
0
0
0
0
0
0
0
0
0
0
0
0
0
0
0
0
0
0
0
0
0
0
0
0
0
0
0
0
0
0
0
0
0
0
0
0
0
0
0
0
4
4
4
7
7
23
41
51
52
67
92
94
127
163
187
201
218
242
264
293
331
346
359
399
422
457
485
503
531
549
577
593
618
635
661
675
685
713
747
800
846
878
894
929
975
1024
1097
1234
1247
1300
1363
1399
1447
1506
1555
1594
1618
1652
1704
1778
1829
1872
1921
1965
1990
2023
2069
2100
2138
2175
2211
2235
2259
2292
2331
2372
2408
2427
2433
2443
2460
2477
2485
2499
2513
2519
2538
2560
2585
2627
2711
2727
2810
2889
2993
3086
3191
3266
3290
3341
3453
3542
3674
3755
3872
3905
3984
4114
4242
4408
4513
4625
4691
4831
4989
5154
5315
5497
5677
5740
5914
6102
6342
6672
6964
7175
7252
7411
7645
7877
8144
8442
8638
8733
8929
9254
9584
9853
10123
10312
10427
10621
10871
11155
11420
11690
11836
11955
12159
12414
12717
13014
13209
13343
13396
13512
13722
13893
13893
14243
14333
14365
14500
14669
14820
14962
15131
15131
15287
15386
15589
15751
15908
16065
16164
16190
16266
16454
16617
16775
16954
17050
17089
17146
17313
17435
17598
17799
17891
17918
18061
18216
18390
18544
18733
18819
18863
19014
19123
19283
19573
19828
19997
20055
20271
20547
20833
20833
21336
21518
21587
21870
22306
22743
23259
23871
24319
24402
24989
25774
26593
27507
28505
29108
29503
30527
31863
33335
34930
36519
37562
37889
40132
42701
45461
48150
51041
52844
54069
56496
60537
64591
68345
72184
74485
75160
78976
83366
87311
90725
94937
97435
98251
101770
106598
110536
114435
118418
120697
121820
124966
129348
133060
136628
139955
141747
142486
145300
148775
151913
155193
158807
160844
161421
164185
168165
171493
174568
177665
178952
179449
181544
184287
186246
188288
190027
191029
191195
192472
194271
195886
196658
196915
197384
197716
198053
199491
201220
202266
202540
202880
203051
204080
205390
206392
207259
208012
208406
208511
209131
209881
210416
210951
211503
211736
211813
212383
212927
213409
213864
214430
214696
214817
215589
216416
217014
217574
218269
218618
218748
219580
220547
221266
222149
223059
223552
223734
224849
226061
226974
228044
229010
229516
229679
230747
232096
233342
234428
235891
236439
236666
238591
240391
242124
243946
245627
246706
247038
249626
252029
253183
255381
258385
259811
260308
263303
266805
269579
272700
275859
277878
278557
283194
287568
291769
295777
299939
302480
303423
307890
312741
317116
321104
325233
327770
328753
333250
338426
342633
346327
350340
352259
352999
356859
356859
364419
367376
370179
371531
371993
375115
378059
380576
382761
384887
385963
386381
388815
390911
392913
392913
396302
397100
397500
399259
401109
402491
403728
404380
404846
405194
405825
406192
407827
408372
409495
409961
410202
411280
412157
412814
413320