0
0
0
0
0
0
0
0
0
0
0
0
0
0
0
0
0
0
0
0
0
0
0
0
0
0
0
0
0
0
0
0
0
0
0
0
0
0
0
0
0
0
0
0
0
0
0
0
0
0
0
0
0
0
0
0
0
0
0
0
0
0
0
0
0
8
8
10
14
15
15
20
20
21
21
22
22
22
23
27
38
41
62
63
74
85
88
98
111
119
121
123
139
144
146
146
146
150
150
151
151
151
155
161
161
161
176
177
178
180
180
180
181
181
182
182
184
191
193
199
199
199
201
201
203
206
206
206
207
224
224
228
232
233
236
236
240
242
244
246
248
260
261
261
261
262
262
262
286
286
287
290
291
292
293
293
293
296
299
299
299
303
304
306
313
313
316
316
317
321
326
330
331
336
337
337
339
339
340
341
341
341
343
343
346
348
350
350
351
351
353
353
353
353
355
356
357
357
359
359
360
360
360
361
369
374
374
375
376
376
394
399
435
441
450
474
504
580
602
643
749
775
882
919
995
1111
1171
1319
1419
1518
1807
2009
2150
2422
2796
3015
3195
3636
3894
4299
4621
5263
5805
6471
6959
7827
8515
9112
9991
10734
11631
12425
13373
14383
15525
16503
17794
18781
20033
21433
22445
23906
26064
27974
29314
30437
31325
32351
33488
34875
36025
37205
38502
39696
41008
42365
43788
44774
46200
47666
49072
50403
51496
52706
53405
54607
55804
56940
57935
59277
60348
61377
61975
63241
64453
65598
66734
68011
68994
70161
71730
73322
74882
76414
77848
79246
80505
82236
83566
85205
86633
87977
89486
90713
92189
93600
95018
96520
98047
99155
100431
101739
103166
104487
105863
107215
108342
109512
110667
111900
113082
114198
115187
116134
116982
117946
118869
119788
120546
121280
121886
122534
123153
123740
124630
125042
125616
126345
126935
127584
128178
128772
129483
130049
130604
131186
131737
132260
132865
133378
133869
134318
134795
135243
135721
136166
136591
137098
137574
137957
138368
138802
139152
139515
139864
140145
140354
140354
140927
141104
141304
141304
141304
141427
141448
141487
141522
141543
141585
141601
141637
141659
141690
141709
141728
141735
141750
141761
141783
141816
141841
141875
141890
141896
141916
141965
141984
142000
142000
142023
142034
142045
142059
142073
142114
142122
142136
142147
142147
142162
142190
142212
142212
142212
142212
142246
142264
142292
142315
142340
142377
142385
142393
142412
142434
142466
142466
142479
142497
142511
142530
142541
142549
142558
142572
142576
142596
142596
142605
142610
142617
142619
142628
142644
142644
142661
142674
142687
142704
142712
142722
142740
142790
142800
142817
142831
142838
142842
142858
142874
142874
142903
142934
142947
142963
142974
142997
143004