0
0
0
0
0
0
0
0
0
0
0
0
0
0
0
0
0
0
0
0
0
0
0
0
0
0
0
0
0
0
0
0
0
0
0
0
0
0
0
0
0
0
0
0
0
0
0
0
0
0
0
0
0
0
0
0
0
0
1
3
3
3
3
4
4
5
5
6
6
6
6
6
6
7
7
7
7
7
7
7
8
8
10
11
56
56
56
58
61
67
68
73
82
88
90
106
109
114
114
121
122
152
165
175
186
191
218
230
236
246
260
267
289
315
326
328
328
328
335
349
356
362
371
380
390
390
390
390
405
421
435
458
466
477
502
536
542
554
567
585
615
657
697
726
750
760
781
792
823
848
863
890
944
982
999
1003
1027
1091
1155
1165
1227
1267
1301
1382
1421
1451
1463
1499
1542
1552
1591
1623
1623
1698
1722
1780
1894
1939
2014
2045
2071
2107
2154
2190
2220
2258
2307
2328
2354
2373
2418
2451
2480
2547
2583
2631
2689
2734
2780
2835
2858
2883
2920
3000
3073
3136
3163
3179
3203
3253
3321
3368
3412
3455
3509
3532
3568
3630
3699
3745
3778
3852
3884
3970
4048
4125
4200
4275
4330
4358
4400
4473
4557
4651
4711
4813
4839
4904
4978
5063
5141
5186
5257
5281
5337
5412
5479
5628
5701
5771
5817
5900
6024
6126
6205
6296
6360
6433
6518
6624
6717
6809
6913
7072
7155
7254
7371
7444
7526
7638
7752
7800
7901
8033
8122
8198
8322
8396
8423
8472
8548
8603
8694
8793
8848
8882
8944
9053
9149
9224
9291
9369
9419
9499
9560
9694
9741
9780
9822
9840
9960
10000
10082
10152
10234
10276
10302
10400
10526
10570
10626
10700
10747
10761
10816
10867
10938
10996
11036
11063
11098
11118
11192
11203
11262
11302
11357
11361
11395
11458
11502
11526
11567
11579
11600
11636
11668
11688
11696
11698
11714
11723
11752
11793
11840
11872
11883
11920
11949
11983
12052
12146
12237
12316
12392
12433
12506
12592
12664
12776
12901
12993
13046
13139
13224
13307
13381
13414
13489
13557
13619
13722
13784
13897
13981
14070
14098
14152
14214
14290
14306
14380
14423
14451
14479
14543
14601
14647
14700
14741
14761
14785
14848
14885
14948
14999
15048
15072
15089
15161
15201
15253
15324
15400
15432
15483
15558
15621
15683
15724
15782
15806
15826
15892
15932
15986
16035
16101
16120
16154
16250
16298
16374
16440
16491
16517
16555
16661
16787
16911
17018
17125
17190
17279
17470
17587
17717
17821
17871
17939
18023
18214
18422
18629
18629
19005
19110
19231
19525
19780
19975
19975
20466
20627
20781
21179
21500
21784
22094
22349
22586
22772
23181
23554
23882
24127
24368
24548
24742
25159
25526
25837
26111
26441
26578
26709
27029
27386