0
0
0
0
0
0
0
0
0
0
0
0
0
0
0
0
0
0
0
0
0
0
0
0
0
0
0
0
0
0
0
0
0
0
0
0
0
0
0
0
0
0
0
0
1
1
2
2
2
2
2
2
2
2
4
10
10
13
20
27
40
56
66
75
75
91
91
139
139
193
233
306
509
555
650
658
658
730
730
820
820
820
820
848
848
996
996
1017
1017
1163
1163
1163
1334
1430
1518
1621
1705
1705
1832
1832
1832
2077
2077
2104
2104
2265
2267
2267
2274
2579
2689
2689
2800
2954
3105
3105
3105
3529
3529
3733
4288
4400
4400
4890
4890
5436
5436
5436
5436
5904
5904
6397
6585
6585
6789
7392
7599
7908
8060
8312
8681
8681
8681
8681
8681
9864
9864
9864
9864
10638
11610
11892
12041
12270
12592
12592
12592
12592
12592
12592
12592
12592
12592
12592
12592
12592
12592
14916
14916
14916
14916
15173
15173
15173
15173
15173
16157
16157
16157
16157
16157
16522
16522
16522
16708
16708
16708
17110
17179
17255
17255
17255
17255
17255
17255
17718
17718
17718
17718
18042
18042
18042
18213
18263
18308
18469
18469
18469
18582
18599
18624
18762
18762
18762
18762
18762
18973
18973
19142
19142
19142
19142
19142
19409
19460
19604
19604
19604
19604
19604
19848
19848
20009
20009
20009
20167
20228
20271
20303
20303
20371
20431
20431
20598
20598
20690
20712
20712
20735
20735
20838
20838
20838
20838
20924
20924
20924
20924
20924
20924
21203
21203
21203
21203
21203
21203
21441
21441
21441
21441
21441
21506
21570
21570
21570
21570
21570
21570
21793
21793
21793
21793
21793
21793
22103
22103
22103
22103
22103
22103
22342
22421
22421
22421
22490
22490
22583
22692
22692
22692
22896
22896
23528
23528
23528
23528
23842
23869
23915
24022
24117
24117
24117
24445
24487
24487
24487
24752
24752
24752
24752
24752
24963
24963
25087
25143
25143
25214
25359
25472
25472
25472
25724
25849
25849
25849
25849
26277
26277
26277
26277
26277
26277
26277
26277
26848
26848
26848
26848
26848
26848
26848
26848
26848
26848
26848
27336
27336
27336
27336
28010
28010
28010
28010
28010
28010
28010
29617
29617
29617
29617
29617
29617
29617
29617
29617
29617
30313
30313
30313
30313
31394
31394
31394
31394
31394
31394
32098
32098
32098
32098
32098
32098
33749
33749
33749
33749
33749
33749
33749
35714
35714
35714
35714
35714
35714
35714
35714
35714
35714
35714
36794
36794
36794
40622
40622
40622
40622
40622
40622
40622
40622
40622
40622
40622
40622
40622
40622
40622
47669
47669
47669
47669
47669
47669
57337
57337
57337
57337
57337
57337
57337
61731
61731
61731
61731
61731
61731
61731
61731
61731
64809
64809
64809
64809
64809
64809
65998
65998
65998
65998
65998
65998
72250
72250
72250
72250
72250
72250
72250
74946
74946
74946
74946
74946
74946
74946
74946