0
0
0
0
1
1
2
2
2
4
4
4
4
4
5
5
7
7
7
7
7
7
7
7
7
7
8
8
8
8
9
9
9
10
11
11
13
14
20
24
27
30
33
37
49
54
64
77
79
108
117
193
198
252
415
478
657
800
943
1277
1469
2088
2790
3251
4042
4682
5576
6280
7398
8527
9560
11284
12437
12978
15756
16563
17872
19141
20654
22059
23316
24299
25680
27035
28209
30809
32814
34356
35633
37658
39402
41663
43299
44919
46371
48033
49616
51150
52865
54457
56343
57926
60504
61957
63215
64694
66201
67674
68918
70091
71264
72419
73568
74781
75959
77206
78332
79411
80493
81575
82742
83947
85151
86106
87119
88090
88989
89976
90909
91681
92479
93288
93960
94641
95269
95947
96475
97178
97779
98241
98720
99159
99595
100043
100404
100763
101087
101491
101877
102314
102762
103078
103418
103767
104087
104463
104629
104878
105193
105830
106097
106288
106643
106962
107185
107394
107815
108023
108334
108656
108984
109150
109348
109984
110350
110693
111144
111559
111875
112168
112938
113473
113790
114398
115115
115470
115789
116471
116871
117357
117677
118281
118523
118768
118973
119659
120033
120387
120903
121148
121367
122053
122389
122703
123180
123605
123825
124004
124218
125084
125408
125625
126319
126560
126817
127594
127903
128380
128836
129342
129639
129888
130918
131422
131941
132527
133141
133511
133890
134295
135757
136135
136956
137676
138164
138640
140098
140900
141852
142879
144053
144607
145750
147583
148855
149939
151087
152717
153770
155428
157219
158991
161107
162930
165054
166360
168501
171384
173756
175380
177730
180625
182767
184403
185378
189489
192064
194362
196928
197067
200804
204111
206349
209036
211617
214519
216051
218874
222973
225703
228366
231383
234939
237313
239649
243178
247916
250698
253482
258875
263221
267165
272036
276481
280465
285939
290709
295139
299440
305473
309935
314453
319247
324234
329191
333936
340731
346013
350971
356650
362604
368279
373662
381557
387052
393506
399770
406189
412543
418848
426572
432743
439142
445828
452543
458527
464443
472820
479064
485576
492582
499282
505741
511748
519325
525585
532506
539190
540939
544053
554153
560618
568807
577266
584409
585400
589935
606076
616134
623384
631466
639693
648930
657323
664606
672931
679072
686211
693658
700538
706897
713181
719601
724629
730330
736441
742268
747362
752041
757658
761699
766019
770825
775652
779762
783695
788197
791145
794412
798394
802530
805794
809001
812804
815487
818755
821932
824611
828408
830612
832375
836594
839155
842590
845673
848330
850737
854190
857403
860348
863495
866667
869347
871694
875388
878051
880835
883815
886782
889551
892199
896247
899175
902234
905339
908854
911884
914595
918406
921263
924670
928283
932515
935932
939057
943920
947489
951438
956542
961567
965882
970065
976327
980080
988808
994549
998208
1005296
1008808
1017130
1027854
1035242
1043478
1052560
1060052
1067764
1078482
1085905
1094899
1104508
1113837
1121162
1129371
1139591
1146817
1155053
1164108
1172697
1180065
1186991
1195827
1202672
1210918
1220108
1228367
1234912
1240878
1251811
1258449
1266249
1274206
1281846
1287932
1293625
1302489
1307863
1314420
1320206