0
0
0
0
0
0
0
0
0
0
0
0
0
0
0
0
0
0
0
0
0
0
0
0
0
0
0
0
0
0
0
0
0
0
0
0
0
0
0
0
0
0
0
0
0
0
0
0
0
0
0
0
0
1
1
1
1
1
3
3
3
3
3
3
3
3
3
3
3
3
3
3
8
8
8
8
8
8
8
8
8
8
11
11
12
12
12
12
12
12
14
14
16
16
16
19
19
50
50
50
72
72
72
85
85
94
94
143
143
143
143
143
143
143
301
327
327
327
366
418
436
479
552
604
652
671
702
755
874
962
1011
1069
1069
1173
1288
1451
1570
1634
1850
1850
1888
1952
2044
2057
2057
2222
2410
2564
2605
2605
2686
2808
2963
3051
3099
3244
3340
3429
3429
3613
3745
3745
3788
3918
3969
3969
4033
4071
4109
4200
4259
4288
4288
4321
4356
4362
4373
4389
4485
4485
4548
4561
4574
4590
4593
4598
4599
4599
4599
4605
4605
4608
4614
4614
4614
4618
4618
4620
4641
4641
4641
4641
4645
4652
4652
4652
4652
4652
4667
4679
4679
4679
4679
4679
4679
4679
4691
4698
4698
4700
4700
4700
4711
4711
4712
4729
4729
4729
4729
4729
4735
4736
4747
4749
4749
4749
4772
4772
4782
4782
4786
4786
4786
4786
4802
4802
4804
4806
4806
4806
4806
4806
4829
4829
4829
4845
4845
4845
4852
4852
4853
4853
4854
4854
4854
4854
4855
4855
4855
4855
4855
4856
4858
4858
4862
4862
4862
4862
4863
4863
4863
4863
4866
4866
4866
4866
4866
4866
4866
4866
4879
4879
4880
4884
4884
4888
4888
4896
4900
4900
4900
4900
4907
4911
4911
4911
4911
4911
4911
4913
4913
4913
4913
4913
4918
4918
4918
4918
4922
4922
4922
4927
4927
4927
4936
4936
4936
4936
4936
4936
4936
4936
4936
4936
4936
4936
4948
4948
4948
4948
4948
4948
4961
4963
4963
4963
4963
4963
4963
4963
4963
4969
4969
4969
4973
4973
4973
4973
4973
4973
4973
4973
4973
4973
4974
4974
4974
4974
4980
4980
4980
4980
4981
4981
4981
4981
4989
4989
4989
4989
4989
4989
4989
4989
4989
4989
4996
4996
4996
4996
4996
4996
4997
4997
5001
5001
5001
5001
5001
5004
5004
5004
5004
5004
5004
5004
5004
5018
5018
5018
5021
5021
5023
5023
5023
5023
5023
5023
5023
5025
5064
5075
5075
5075
5087
5087
5087
5088
5088
5088
5088
5088
5088
5161
5161
5222
5245
5245
5245
5313
5313
5353
5402
5402
5491
5491
5491
5682
5682
5682
5728
5728
5787
5787
5929
6175
6175
6224
6224
6224
6224
6359
6359
6411
6411
6411
6411
6411
6521
6521
6674
6674
6674
6674
6674
6674
6866
6866