0
0
0
0
0
0
0
0
0
0
0
0
0
0
0
0
0
0
0
0
0
0
0
0
0
0
0
0
0
0
0
0
0
0
0
0
0
0
0
0
0
0
0
0
0
0
0
0
0
0
0
0
0
0
0
0
0
1
1
1
1
1
3
3
3
3
3
3
5
7
7
8
8
9
9
9
10
10
11
11
11
18
23
23
23
27
27
33
33
33
33
33
33
40
46
46
46
52
52
73
73
117
117
117
170
170
253
260
322
322
322
357
372
399
428
474
503
519
545
565
588
611
648
675
687
700
715
726
759
759
778
790
803
820
828
836
836
837
839
844
846
848
848
848
850
850
853
854
854
858
858
858
858
860
860
863
865
865
866
866
866
866
868
871
871
872
872
873
873
873
874
874
880
880
884
885
886
887
889
889
889
889
889
915
915
915
915
922
926
926
935
936
936
936
936
938
939
942
942
942
944
945
946
949
949
951
952
956
959
970
971
972
981
982
986
987
995
998
1004
1008
1008
1012
1013
1017
1017
1018
1023
1034
1039
1040
1045
1048
1051
1081
1083
1084
1085
1087
1090
1115
1147
1149
1151
1153
1155
1164
1171
1175
1177
1178
1185
1193
1200
1203
1211
1214
1217
1223
1238
1251
1262
1274
1291
1304
1308
1321
1329
1350
1361
1365
1379
1390
1399
1404
1410
1423
1434
1437
1441
1460
1468
1473
1483
1483
1498
1499
1513
1517
1529
1538
1543
1547
1551
1561
1565
1578
1589
1591
1597
1603
1608
1616
1620
1626
1633
1642
1648
1649
1655
1661
1663
1663
1682
1688
1700
1705
1708
1719
1722
1725
1728
1729
1732
1739
1745
1751
1770
1771
1784
1800
1818
1839
1867
1890
1902
1916
1938
1958
1971
1986
2005
2015
2048
2077
2113
2141
2169
2213
2229
2289
2328
2358
2419
2510
2537
2589
2668
2709
2773
2807
2855
2895
2919
2977
3012
3065
3104
3137
3161
3182
3225
3269
3296
3321
3347
3376
3385
3404
3419
3433
3450
3473
3497
3508
3539
3568
3581
3597
3622
3645
3664
3689
3724
3751
3776
3794
3849
3868
3882
3904
3934
3957
3973
3973
3986
3999
4056
4089
4089
4161
4177
4193
4214
4231
4246
4274
4288
4309
4328
4344
4357
4380
4395
4410
4420
4427
4440
4453
4465
4480
4501
4506
4510
4523
4533
4552
4573
4589
4595
4595
4603
4606
4616
4619
4625
4636
4641
4652
4662
4673
4686
4691
4706
4708
4723
4731
4735
4747
4752
4770
4772
4779
4789
4810
4817
4824
4828
4828
4835
4847
4854
4862
4874
4877
4882
4888
4891
4895