0
0
0
0
0
0
0
0
0
0
0
0
0
0
0
0
0
0
0
0
0
0
0
0
0
0
0
0
0
0
0
0
2
2
2
2
2
2
2
9
9
10
10
13
13
13
20
20
25
35
35
55
88
101
182
228
265
265
461
592
687
801
977
1197
1361
1665
2015
2245
2555
2844
3137
3510
3843
4355
4665
5009
5310
5740
6166
6695
7366
7652
7964
8356
8712
9246
9691
10598
10956
11375
11700
12164
12680
13174
14537
15010
15492
16044
16564
17702
18687
21213
22441
23421
24794
25826
27359
28750
32208
33855
35052
36710
39370
42029
44531
50016
52369
54647
58167
62205
66169
70445
80287
83996
88891
92855
97183
101837
105532
118720
123550
129020
132548
137490
142154
146361
160351
166756
171452
175365
181062
186698
193452
201634
208572
213715
218728
220628
225103
231393
236748
242355
246963
250767
254416
259064
263360
267766
271982
275999
279393
282043
284541
288089
291847
295532
298557
301019
303083
306216
309274
312029
315041
317657
319493
321205
323698
326439
328846
330930
333029
334683
336402
338759
341304
343592
345790
347923
349800
351575
353536
355667
357658
359731
361493
362962
364723
366671
368825
371023
373056
375044
376616
378168
380034
382111
383902
385946
387502
388855
390037
391849
393769
395708
397665
399568
400985
402365
404102
405972
408009
409974
411726
413145
414739
416501
418469
420434
422510
424274
425541
427027
428669
430535
432666
434748
436433
437983
439287
441150
442827
444674
446274
447468
448523
449903
451634
453868
455979
457901
459671
461300
462991
464750
466590
468471
470179
471746
473306
474440
476016
477769
479595
481371
482832
484280
485372
486496
488190
490003
491760
493305
494478
495637
497131
498906
500542
502063
503598
504525
505530
507050
508571
510256
511864
513140
514202
515042
516582
518390
519977
521558
522879
523907
524804
526438
528030
529676
531273
532604
533610
534558
536012
537585
539143
540640
542080
543087
544092
545662
547243
548941
550430
551743
552864
553898
555406
557135
558668
560382
562142
563534
564778
566440
567974
569781
571919
573830
575329
576731
578732
581135
583355
585546
587993
589189
590914
594152
595831
598394
600105
602028
603986
606950
608973
612564
615902
618191
620641
623101
625483
629176
633381
637742
641923
645892
649135
652525
656712
661180
665493
669832
673750
677151
680740
685107
690066
694647
699110
703178
706500
709888
714143
718749
722900
727109
730888
734035
736645
740237
744019
748082
751886
755350
758189
760576
764307
768471
772396
776209
779541
782039
784314
788142
791939
795845
799460
803009
805317
807872
812344
816929
821418
824625
829770
832512
835552
840119
845450
850483
855785
860533
864064
867949
873512
879485
885379
891110
896231
900782
904212
911469
918053
925089
931939
938094
942958
947783
954843
962321
969913
977243
984484
989492
995538
1003406
1011485
1019478
1026785
1032612
1037780
1043022
1051270
1060421
1068522
1076499
1082920
1088710
1094267
1101698
1109311
1117348
1124718
1131340
1136189
1141403
1148320
1155902
1162811
1169536
1175614
1179772
1184271
1190991
1198245
1203755
1210920
1215815
1219064
1222949
1229248
1235778
1241976
1247469
1252808
1256546
1260448
1266601