0
0
0
0
0
0
0
0
0
0
0
0
0
0
0
0
0
0
0
0
0
0
0
0
0
0
0
0
0
0
0
0
0
0
0
0
0
0
0
0
0
0
0
0
1
1
1
1
3
9
9
13
22
34
57
75
102
108
158
196
231
277
378
470
491
539
608
702
798
906
1065
1161
1267
1406
1485
1579
1780
2054
2223
2473
2709
2776
2852
2979
3105
3233
3439
3621
3792
3977
4149
4356
4561
4881
5142
5379
5597
5949
6207
6507
7006
7285
7668
7973
8613
8959
9456
10051
10495
11063
11613
12272
12930
13610
14216
14939
15574
16295
16935
17687
18330
19131
20177
21175
21981
23003
24104
25366
26688
28236
29383
30493
31833
33354
35120
36635
38027
39236
40719
42078
43682
45212
46858
48746
50939
53063
54931
57046
60217
63276
65633
68652
71183
73572
77113
80599
84442
88591
91769
95043
97846
102009
106110
109505
113389
117110
120281
124494
128638
133973
140776
145632
150445
154277
159898
165169
173206
182140
190700
197278
204005
211038
218428
226373
233541
240795
248976
257101
267385
276055
286020
295508
306181
317651
327850
334979
345714
357710
367204
376870
387481
397623
410453
422519
433805
445111
456689
468332
476660
489122
502178
513719
522138
533103
541139
551688
562113
572243
581995
590492
599884
607904
615094
624026
633321
641574
650063
658456
666521
671848
679513
686851
694664
702088
708964
716319
721892
728590
736377
743945
750471
758398
765076
770435
777537
784268
790823
798317
806038
813056
818203
824042
829679
835339
841532
848147
855052
862158
869808
877684
886179
894300
902747
911316
919084
924098
930159
936982
945354
952371
959572
965883
974139
981700
990373
998942
1007711
1015885
1025052
1033218
1041935
1053122
1063151
1074184
1083321
1093256
1099392
1108086
1117977
1127733
1136447
1143887
1149064
1155356
1165326
1174012
1182697
1191634
1198746
1205217
1211128
1218003
1225490
1233444
1240493
1248417
1254979
1262494
1270991
1280487
1290510
1299613
1308376
1316806
1324792
1334089
1343322
1352607
1362249
1371103
1377100
1384610
1392133
1399911
1408909
1417072
1425774
1434516
1444646
1456599
1468795
1482072
1496062
1507222
1518067
1530593
1544826
1559766
1574707
1584903
1594497
1603807
1614822
1626461
1642775
1654880
1666408
1675820
1686131
1702966
1719771
1737347
1755568
1771363
1786900
1801903
1816082
1831980
1849101
1870179
1891034
1908413
1923132
1939071
1956979
1972345
1987418
2002969
2015485
2027746
2041352
2055305
2067575
2077633
2086806
2094884
2104506
2114597
2125622
2135412
2142660
2151207
2157216
2161462
2166904
2173347
2179641
2185169
2190116
2195039
2198549
2202598
2207701
2212525
2217001
2222018
2226262
2229663
2233589
2237542
2241225
2244792
2248135
2251690
2255260
2259599
2262646
2266211
2269582
2273245
2276656
2278861
2282372
2285960
2290539
2294617
2299082
2303144
2305884
2309600
2314154
2319293
2324426
2331187
2337230
2342278
2347224
2353210
2359942
2367337
2375591
2382730
2389779
2397731
2406377
2417826
2428048
2437197
2446219
2456409
2468236
2479617
2492081
2504206
2518715
2536198
2552937
2569314
2585801
2602719
2619422
2636076
2652947
2667136
2684101
2701313
2720619
2740544
2757274
2774464
2787303
2804881
2824626
2841934
2859724
2877746
2893655
2905254
2919805
2934611
2951101
2968626
2985536
3002758
3015301
3031726
3048719
3067879