0
0
0
0
0
0
0
0
0
0
0
0
0
0
0
0
0
0
0
0
0
0
0
0
0
0
0
0
0
0
0
0
0
0
0
0
0
0
0
0
0
0
0
0
0
0
0
0
0
0
0
0
0
0
0
0
0
0
0
0
0
0
0
0
0
0
0
0
0
0
0
0
0
0
0
0
0
0
0
0
0
0
0
0
0
0
0
0
0
0
0
0
0
0
0
0
0
0
0
1
1
3
3
3
3
8
8
8
11
11
11
11
11
11
11
11
11
11
11
34
34
78
78
87
87
87
87
87
87
106
106
106
132
132
132
132
141
141
141
141
162
162
163
176
176
176
197
197
210
210
247
247
247
265
265
272
272
272
272
272
303
303
303
309
309
311
311
311
313
314
314
317
317
317
321
321
328
328
328
334
334
337
337
340
340
340
354
354
354
378
378
378
386
386
386
388
388
396
396
399
399
399
399
399
399
403
403
405
405
406
406
417
417
417
417
417
417
417
422
422
423
423
423
427
427
448
448
452
452
452
456
456
456
456
456
456
457
467
467
470
470
470
470
470
470
470
474
474
478
478
478
479
479
484
484
487
487
487
491
491
495
495
495
495
495
496
496
496
502
502
502
502
504
504
517
517
517
517
517
517
517
517
537
545
545
545
545
554
557
557
563
563
563
569
569
574
574
579
579
579
591
591
592
592
596
596
596
607
607
610
610
611
611
611
613
613
615
615
616
616
616
617
617
617
617
628
628
628
633
633
643
643
643
666
666
693
693
715
715
715
715
715
765
765
823
823
864
864
864
995
995
1050
1050
1150
1150
1160
1166
1169
1403
1469
1577
1592
1769
1864
1933
1935
2160
2260
2268
2350
2425
2492
2598
2646
2718
2726
2811
2848
2892
2975
3001
3086
3086
3088
3179
3209
3276
3290
3332
3334
3358
3393
3413
3458
3473
3490
3502
3518
3522
3539
3552
3558
3571
3571
3578
3578
3580
3580
3587
3596
3596
3606
3606
3611
3615
3618
3626
3635
3646
3647
3652
3657
3665
3666
3666
3666
3681
3682
3687
3689
3690
3690
3696
3696
3696
3704
3712
3712
3719
3725
3738
3758
3758
3758
3789
3789
3789
3796
3803
3809
3815
3815
3819
3819
3820
3822
3824
3826
3829
3829
3829
3829
3833
3834
3834
3838
3839
3845
3846
3847
3847
3854
3854
3854
3860
3860
3860
3860