0
0
0
0
0
0
0
0
0
0
0
0
0
0
0
0
0
0
0
0
0
0
0
0
0
0
0
0
0
0
0
0
0
0
0
0
0
0
0
0
0
0
0
0
0
0
0
0
0
0
0
0
0
1
1
1
1
3
3
3
3
4
4
4
4
4
4
19
19
19
19
22
22
22
45
45
45
45
60
60
60
60
60
60
117
117
143
143
143
160
165
186
186
200
200
200
200
207
207
220
229
229
229
236
236
264
264
274
274
274
333
333
333
391
391
391
391
412
420
420
469
469
487
487
487
487
571
571
571
571
611
611
611
611
611
635
683
683
683
728
728
728
728
728
728
883
883
883
883
883
883
883
1087
1087
1087
1087
1087
1087
1087
1087
1087
1382
1382
1557
1557
1557
1557
1557
1821
1821
2028
2028
2028
2028
2028
2222
2358
2633
2633
2633
2851
2851
2851
2851
3038
3038
3038
3200
3200
3200
3200
3200
3200
3200
3546
3546
3546
3546
3637
3664
3664
3664
3745
3745
3745
3745
3745
3831
3831
3831
3850
3850
3850
3850
3850
3979
3979
3979
3979
3979
3979
3979
3979
3979
4628
4628
4628
4628
4628
4891
4891
4891
4891
4928
4928
4928
4934
4934
4934
4934
4980
4986
4986
5002
5002
5005
5005
5005
5005
5008
5008
5008
5089
5089
5089
5089
5089
5089
5089
5089
5089
5118
5118
5118
5118
5118
5156
5156
5156
5156
5156
5156
5156
5156
5156
5156
5253
5253
5253
5253
5253
5290
5290
5290
5290
5290
5348
5348
5348
5379
5379
5379
5379
5379
5379
5379
5515
5515
5515
5515
5515
5515
5632
5632
5632
5632
5632
5632
5632
5632
5774
5774
5774
5774
5774
5774
5774
5774
5774
5774
5774
5774
6049
6049
6049
6049
6049
6200
6200
6200
6200
6200
6200
6200
6200
6571
6571
6571
6571
6908
6908
6908
6908
6908
7107
7107
7107
7107
7107
7107
7127
7127
7127
7127
7127
7127
7160
7160
7160
7709
7709
7709
7709
7709
7709
7794
7794
7794
7794
7887
7887
7887
7887
7887
7887
7887
7887
7887
7887
8060
8060
8060
8060
8060
8060
8354
8354
8419
8419
8419
8419
8419
8419
8419
8419
8419
8625
8625
8625
8820
8820
8820
8820
8820
8820
8820
8820
9179
9179
9179
9179
9179
9179
9329
9329
9329
9329
9329
9329
9329
9329
9564
9564
9564
9564
9564
9564
9681
9681
9681
9681
9681
9681
9681
9681
9681
9681
9681
9681
9681
10084
10084
10084
10084
10084
10084
10084
10084
10084
10084
10084
10084
10084
10084
10084
10084
10084
10084
10084
10678
10678
10678
10678
10678
10678
10678
10678
11016
11016
11016
11016
11147
11147
11147
11343
11343
11343
11343