0
0
0
0
0
0
0
0
0
0
0
0
0
0
0
0
0
0
0
0
0
0
0
0
0
0
0
0
0
0
0
0
0
0
0
0
0
0
0
0
0
0
0
0
1
1
5
9
9
13
22
23
26
27
35
41
50
69
89
117
134
158
177
201
231
263
295
314
330
347
375
396
416
435
454
467
483
502
539
558
577
595
612
618
626
642
649
655
660
662
669
681
686
687
693
695
697
705
713
719
725
733
739
742
755
761
765
773
780
792
801
804
815
830
843
853
863
866
882
897
903
911
918
930
951
956
984
1000
1022
1047
1056
1084
1105
1157
1194
1228
1263
1318
1342
1375
1461
1538
1612
1662
1715
1744
1796
1871
1939
2058
2127
2213
2277
2368
2515
2684
2836
2979
3130
3269
3459
3753
4023
4311
4621
4996
5241
5486
5836
6485
6845
7231
7596
8036
8482
8986
9546
9969
10551
11114
11534
11811
12361
13129
13669
14600
15229
15841
16344
16800
17290
17820
18187
18975
19402
19837
20417
21070
22081
22802
23286
23872
24508
25057
26129
26931
27737
28465
29084
29643
30409
31075
32134
33084
33820
34463
35305
36307
37292
38485
39699
39699
41287
42184
43305
44458
45680
46920
46920
48780
49897
51224
52549
53969
55454
55454
57361
58137
59516
60818
62374
63712
63712
65602
66689
68059
69459
70816
72049
72049
73714
74604
75760
76828
77829
79182
79182
81129
82142
83497
84828
86053
87439
87439
89223
90238
91780
93152
94348
95514
95514
97075
97922
99425
100616
101826
103088
103088
104460
105322
106553
107570
108866
109971
109971
111257
112120
113261
114367
115417
116363
116363
117587
118566
119768
120939
122123
123223
123223
124592
125590
127012
128231
129418
129418
129418
132295
133190
134520
135742
137093
137093
137093
139638
140172
141340
142505
143685
143685
143685
146421
147430
148688
149815
150947
150947
150947
153169
154096
155263
156388
157472
157472
157472
159893
160804
161942
162990
162990
162990
162990
165762
166799
168114
169321
169321
169321
169321
172436
173591
175038
176407
177614
177614
177614
180061
181093
182156
183242
184187
184187
184187
186016
186877
187712
188477
189308
189308
189308
190745
191345
192066
192637
193276
193276
193276
194569
195009
195537
195992
196438
196438
196438
197435
197852
198338
198756
199187
199187
199187
200024
200454
200888
201241
201678
201678
201678
202674
203097
203496
203914
204341
204341
204341
205086
205514
205890
206293
206640
206640
206640
206640
207832
207832
207832
209093
209093
209093
209093
210447
210447
210447
211903
211903
211903
211903
213438
213438
213438
215178
215178
215178
215178
216764
216764
216764
216764
216764
216764
216764
219846
219846
219846
222544
222544
222544
222544
225343
225343
227533
228577
228577
228577
230837
231967
233498
235274
236930
238760
238760
241240
243167
245601
248382
250991
250991
250991
256676
257980
260535
263094
265486
265486
265486
271478
273714
276887
279926