0
0
0
0
0
0
0
0
0
0
0
0
0
0
0
0
0
0
0
0
0
0
0
0
0
0
0
0
0
0
0
0
0
0
0
0
0
0
0
0
0
0
0
0
0
0
0
0
0
1
1
1
1
1
1
5
6
9
9
14
14
25
73
80
96
101
101
165
168
179
190
194
218
245
261
323
349
384
444
444
533
574
626
638
638
654
688
801
847
847
916
952
1004
1077
1077
1150
1164
1183
1238
1275
1333
1362
1398
1432
1464
1516
1571
1602
1667
1700
1730
1857
1912
1971
2017
2061
2109
2119
2153
2231
2301
2341
2366
2376
2423
2477
2556
2641
2750
2799
2833
2951
3024
3110
3262
3431
3557
3739
3881
3995
4181
4404
4684
4848
5084
5439
5679
6063
6444
6874
7276
7492
7677
7904
8164
8334
8739
8944
9101
9214
9499
9702
9992
10244
10462
10772
10966
11194
11504
11750
12052
12443
12766
12872
13037
13403
13554
13696
13912
14119
14312
14531
14733
15001
15253
15494
15596
15655
15713
15813
15978
16047
16109
16182
16220
16293
16349
16447
16524
16620
16715
16798
16847
16847
16889
16935
16993
17026
17107
17150
17232
17249
17310
17374
17471
17506
17562
17603
17702
17797
17893
17948
18067
18103
18161
18208
18269
18472
18588
18701
18778
18815
18869
18916
18916
19013
19066
19100
19132
19158
19200
19269
19320
19327
19343
19430
19501
19556
19600
19629
19641
19669
19724
19755
19793
19849
19882
19885
19903
19935
19982
20036
20128
20154
20155
20183
20217
20257
20275
20301
20323
20324
20342
20363
20390
20405
20429
20470
20486
20488
20555
20628
20692
20716
20716
20753
20765
20778
20789
20801
20813
20832
20835
20847
20855
20882
20899
20945
20976
20988
21004
21045
21083
21099
21126
21138
21148
21156
21168
21199
21232
21261
21310
21331
21334
21361
21389
21412
21441
21485
21507
21513
21547
21590
21618
21639
21680
21705
21775
21741
21772
21845
21890
21918
21932
21942
21984
22071
22081
22081
22152
22176
22250
22366
22490
22563
22563
22648
22800
22855
22963
23173
23254
23482
23750
23894
24186
24369
24578
24856
24856
25241
25304
25383
25597
25751
26315
26612
26850
27096
27237
27455
27694
27934
28178
28399
28475
28607
28739
29102
29295
29567
29825
29967
29967
30240
30526
30717
30884
31140
31235
31365
31497
31612
31825
31914
32026
32039
32124
32295
32295
32478
32631
32754
32791
32929
33285
33976
34412
34935
35187
35331
35477
36028
36511
36824
37304
37653
37908
38120
38282
38923
39434
39913
40310
40601
40868
41307
42074
42468
42861
43180
43422
43542
43889
43889
44445
44618
44749
44841
44854
44880
44975
45089
45089
45206
45227
45265
45388
45444
45474
45519
45560
45570
45614
45697
45715
45765
45820
45852
45863
45885
45943
45998
46036
46114
46114
46154
46173
46231
46315
46344
46385
46442
46443
46484
46516
46520