0
0
0
0
0
0
0
0
0
0
0
0
0
0
0
0
0
0
0
0
0
0
0
0
0
0
0
0
0
0
0
0
0
0
1
3
3
5
6
7
7
9
10
10
11
12
12
12
14
19
19
32
38
49
57
65
81
105
128
206
254
315
382
442
495
586
657
713
790
867
963
1011
1079
1126
1182
1222
1282
1343
1407
1495
1534
1600
1650
1704
1741
1791
1814
1832
1871
1881
1908
1950
1981
2009
2016
2030
2039
2047
2062
2076
2085
2088
2096
2101
2112
2119
2125
2161
2176
2187
2196
2207
2213
2221
2222
2224
2226
2228
2232
2234
2237
2243
2243
2244
2244
2244
2244
2245
2245
2246
2246
2246
2246
2246
2247
2247
2247
2247
2247
2247
2249
2249
2249
2251
2252
2254
2255
2258
2269
2280
2299
2317
2336
2366
2388
2483
2539
2624
2691
2725
2777
2831
2912
3008
3094
3151
3220
3272
3325
3416
3532
3672
3722
3775
3827
3953
4039
4137
4253
4345
4370
4422
4530
4634
4715
4792
4857
4881
4923
4993
5071
5139
5224
5260
5294
5318
5376
5404
5466
5543
5604
5649
5740
5870
6050
6258
6420
6571
6656
6855
7074
7329
7594
7900
8175
8311
8530
8888
9192
9549
9861
10123
10269
10414
10725
11094
11428
11739
11964
12081
12285
12626
12917
13107
13368
13533
13598
13749
14029
14279
14513
14725
14922
14992
15136
15340
15572
15795
16007
16197
16245
16380
16593
16827
17160
17401
17659
17797
18084
18447
18989
19446
19932
20440
20621
20993
21741
22534
23665
24761
25580
25973
26863
28287
29850
31717
33959
36380
37208
38621
40999
43775
46547
49316
51495
52660
54087
56567
59415
62305
64704
67247
68776
70243
72840
75922
78978
81844
84206
85519
87464
90715
93879
96837
100410
103718
105691
108014
111617
115626
119706
123693
126612
128442
131342
134881
139415
143370
147454
150353
152239
154852
159372
163992
168388
172523
175886
177358
179718
183045
186963
190235
192987
194962
195728
197323
200086
202319
203962
204312
204930
205246
206596
208446
210837
212007
212262
212958
213319
214390
216286
216848
217946
219347
219993
220223
220982
222117
223097
223812
224575
224954
225128
225648
226550
227326
227969
228568
228920
229054
229502
230359
230978
231539
232090
232426
232520
232907
233637
234153
234702
235126
235402
235473
235756
236333
236709
237080
237459
237657
237725
237999
238501
238866
239254
239685
239945
240017
240360
241048
241592
242097
242617
242973
243064
243458
244205
244872
245462
246120
246514
246608
247099
248061
248838
249661
250484
251045
251174
251865
253310
254507
255619
256805
257639
257789
258745
260636
262309
264111
265901
267222
267522
269009
271632
274054
276416
278650
280026
280164
280899
282548
285765
288364
290899
292516
292938
294874
297973
300900
303598
306225
307790
308200
310306
313423
316308
318837
321372
322626
323036
324833
327737
330176
332183
334229
335173
335522
336918
339412
341052
342487
343829
344494
344747
345623
347094
348158