0
0
0
0
0
0
0
0
0
0
0
0
0
0
0
0
0
0
0
0
0
0
0
0
0
0
0
0
0
0
0
0
0
0
0
0
0
0
0
0
0
0
0
0
0
0
0
0
0
0
3
4
4
4
4
5
7
11
16
21
35
40
48
57
67
80
119
139
170
186
212
233
269
288
320
350
396
457
515
564
620
669
726
766
814
862
923
986
1035
1087
1137
1189
1235
1285
1337
1369
1389
1437
1467
1501
1537
1611
1649
1668
1685
1703
1729
1741
1754
1766
1783
1804
1810
1830
1840
1862
1872
1881
1887
1900
1908
1916
1931
1941
1947
1963
1974
1983
2005
2025
2045
2083
2092
2107
2119
2133
2173
2191
2200
2205
2211
2219
2233
2238
2248
2262
2273
2280
2295
2305
2309
2312
2315
2318
2319
2321
2325
2330
2332
2340
2341
2348
2353
2361
2369
2372
2380
2395
2399
2403
2413
2420
2426
2428
2432
2438
2440
2444
2445
2446
2446
2449
2462
2466
2469
2478
2495
2532
2555
2588
2597
2608
2633
2646
2670
2701
2726
2775
2829
2888
2953
3046
3093
3128
3174
3229
3292
3316
3364
3408
3482
3565
3582
3617
3682
3717
3744
3759
3806
3866
3925
3973
4032
4065
4126
4214
4266
4298
4309
4352
4377
4459
4551
4593
4653
4684
4726
4803
4876
4933
5004
5055
5091
5141
5222
5270
5310
5350
5412
5457
5483
5531
5597
5670
5718
5780
5809
5845
5883
5898
5917
5943
5948
5978
6000
6017
6035
6062
6118
6170
6220
6258
6305
6368
6421
6479
6534
6566
6595
6678
6727
6766
6801
6887
6935
6970
7035
7144
7184
7228
7267
7297
7349
7392
7429
7487
7541
7568
7590
7639
7667
7704
7725
7763
7798
7846
7879
7950
8026
8075
8110
8173
8233
8284
8381
8456
8531
8610
8714
8782
8906
8982
9106
9181
9267
9354
9423
9492
9588
9671
9771
9893
10024
10127
10242
10384
10500
10717
10900
11038
11205
11434
11601
11687
11863
12056
12225
12424
12740
12964
13165
13479
13823
14188
14576
15007
15494
16044
16549
17096
17501
18151
18443
18773
19122
19530
20060
20627
21261
21828
22614
23439
24105
24764
25674
26686
27592
28636
29529
30345
31190
32011
32831
33484
34064
34922
35772
36595
37483
38289
39004
39941
40765
41688
42547
43484
44523
45361
46197
46896
47566
48441
49161
49779
50590
51587
52501
53308
54085
54835
55693
56566
57607
58379
59157
59919
60558
61472
62206
62998
63725
64414
65149
65962
66758
67476
68250
68986
69802
70634
71584
72503
73204
74212
75263
76276
77353
78382
79544
80610
81640
82601
83515
84532
85572
86531
87385
88445
89404
90408
91448
92474
93511
94571
95754
96760
97967
99208
100318
101503
102441
103524
104512
105661
106707
107622
108693
109625
110644
111654
112714
113876
114912
115981
117097
118168
119375
120561