0
0
0
0
0
0
0
0
0
0
0
0
0
0
0
0
0
0
0
0
0
0
0
0
0
0
0
0
0
0
0
0
0
0
0
0
0
0
0
0
0
0
0
0
0
0
0
0
0
0
0
0
0
0
0
0
1
1
1
1
1
3
3
11
11
12
14
18
18
30
33
40
49
50
59
90
90
135
135
150
187
214
298
363
435
591
732
732
846
846
945
974
986
999
1008
1023
1035
1072
1077
1089
1097
1112
1112
1116
1120
1124
1133
1135
1189
1210
1227
1256
1268
1284
1309
1331
1401
1518
1618
1828
2047
2270
2270
2270
2468
2468
2697
2914
2914
3194
3354
3569
3779
3935
4054
4123
4169
4207
4278
4331
4373
4398
4441
4449
4465
4501
4539
4545
4557
4565
4565
4582
4599
4617
4630
4635
4643
4643
4643
4656
4682
4704
4715
4736
4736
4792
4822
4878
4889
4955
4968
4968
4972
4977
4979
4985
4993
5003
5003
5011
5020
5027
5030
5031
5039
5039
5050
5059
5068
5081
5081
5084
5084
5161
5240
5248
5330
5330
5338
5338
5344
5347
5348
5358
5358
5367
5367
5369
5372
5374
5374
5374
5382
5382
5382
5383
5383
5383
5383
5383
5385
5385
5387
5387
5387
5387
5387
5387
5388
5388
5388
5391
5394
5394
5394
5395
5396
5396
5399
5399
5403
5403
5403
5404
5407
5407
5407
5409
5409
5409
5410
5416
5416
5417
5417
5418
5419
5421
5423
5423
5423
5423
5423
5423
5426
5428
5440
5443
5449
5452
5459
5469
5499
5512
5522
5528
5530
5536
5541
5544
5555
5558
5559
5561
5563
5573
5575
5580
5599
5604
5605
5608
5627
5633
5635
5641
5641
5645
5649
5655
5656
5658
5658
5660
5661
5668
5668
5669
5670
5676
5676
5676
5677
5679
5680
5682
5689
5690
5692
5701
5708
5714
5717
5717
5721
5725
5728
5733
5749
5759
5770
5780
5781
5781
5783
5786
5789
5800
5804
5805
5813
5813
5813
5824
5831
5840
5841
5842
5846
5854
5855
5857
5865
5866
5871
5877
5879
5891
5900
5903
5903
5905
5905
5910
5913
5916
5917
5918
5919
5920
5923
5926
5929
5930
5931
5932
5932
5935
5936
5936
5941
5941
5947
5950
5959
5962
5966
5967
5968
5971
5980
5981
6006
6008
6022
6022
6024
6026
6052
6052
6060
6062
6065
6066
6087
6089
6102
6110
6130
6134
6146
6157
6181
6227
6234
6236
6252
6268
6294
6336
6385
6452
6501
6518
6588
6658
6771
6895
7016
7169
7249
7361
7610
7790
8002
8180
8431
8509
8509
8696
9111
9306
9479
9662
9722
9876
9975
10077
10202
10275
10385
10412
10460
10510
10557
10633
10697
10738
10746
10802
10885
10931
10986
11026
11100
11121
11157
11201
11247
11268
11307
11319
11335
11335
11355
11369
11389
11389