0
0
0
0
0
0
0
0
0
0
0
0
0
0
0
0
0
0
0
0
0
0
0
0
0
0
0
0
0
0
0
0
0
0
0
0
0
0
0
0
0
0
0
0
0
0
0
0
0
0
0
0
0
0
0
0
0
0
0
0
1
2
2
7
11
11
11
11
11
12
12
12
12
14
14
15
15
15
15
16
16
16
16
16
16
16
16
16
16
16
16
16
16
16
16
16
16
16
16
16
16
16
16
16
16
16
16
16
16
16
16
16
16
16
16
16
16
16
16
16
16
16
16
16
16
16
16
16
16
16
16
16
18
18
18
18
18
18
18
18
18
18
18
18
18
18
18
18
18
18
18
18
18
18
18
18
18
18
18
18
18
18
18
18
18
18
18
18
18
18
18
18
18
18
18
18
18
18
18
18
18
18
18
18
18
18
18
18
18
18
18
18
18
18
18
18
18
18
18
18
18
18
18
18
18
18
18
18
18
18
18
18
18
19
19
20
20
20
20
20
20
20
20
20
20
20
20
22
22
22
22
22
24
24
24
24
24
24
24
24
24
24
24
24
24
24
24
24
24
30
30
30
30
31
31
31
31
31
31
31
31
32
32
32
32
32
32
33
33
33
33
33
33
33
33
37
38
38
38
38
38
38
42
50
50
50
50
50
57
57
63
63
63
63
68
68
68
68
68
68
68
68
68
68
72
72
77
77
77
77
80
85
85
85
85
85
85
85
85
85
85
85
85
85
87
87
88
88
88
88
88
88
88
88
88
88
88
88
88
88
88
88
88
88
88
88
88
88
88
88
105
105
106
106
106
109
109
109
109
109
110
110
110
110
113
113
113
113
113
113
113
113
117
117
117
117
117
121
121
121
121
121
121
121
121
121
121
121
121
121
134
134
134
134
134
134
134
134
141
141
142
142
142
142
142
144
144
144
144
144
144
144
151
151
151
156
156
156
156
156
156
156
156
156
156
156
156
160
160
161
161
161
161
161
161
164
165
165
165
165
165
165
165
165
165
165
165
165
165
165
165
165
165
165
165
172
172
173
173
173
173
173
173
174
174
174
174
174
174
174
174
174
175
175
175
175
175
178