0
0
0
0
0
0
0
0
0
0
0
0
0
0
0
0
0
0
0
0
0
0
0
0
0
0
0
0
0
0
0
0
0
0
0
0
0
0
0
1
1
1
1
1
2
2
5
5
5
5
5
5
11
11
11
21
21
34
72
112
202
245
312
392
488
581
719
859
901
1109
1284
1380
1488
1488
1745
1828
1956
2111
2349
2620
2759
2967
3167
3286
3614
3755
4126
4335
4680
4964
5044
5300
5543
5749
5926
6135
6293
6416
6652
6972
7288
7578
7954
8235
8480
8807
9095
9376
9882
10347
10634
10900
11196
11320
11739
12110
12314
12725
13223
13477
13657
13989
14422
14801
15073
15264
15723
16068
16531
16908
17285
17572
17752
18040
18319
18708
19195
19600
20126
20415
20808
21437
22008
22572
22962
23271
23686
24105
24645
25068
25778
26677
27370
27936
28631
29141
29764
30619
31373
31816
32568
33387
34197
35148
36184
37425
38128
38430
39588
40790
41915
43114
44532
45506
46305
47671
48743
50113
51519
52855
53956
54797
56043
57615
59077
60896
62908
64156
64690
66182
67915
69649
71415
72243
73117
74295
75660
76536
77709
78778
79732
80499
81094
82224
83134
84488
85545
86309
86737
87123
88127
89010
89867
90561
91161
91608
92217
92557
92964
93390
93732
94241
94715
94979
95627
96629
96629
98776
99333
99898
100131
100937
101716
102232
103092
103660
104110
104803
105521
106136
106732
107700
108289
108783
109269
109737
110122
110597
110957
111386
111666
111900
112209
112728
113350
113926
114480
115054
115371
116148
116872
117457
118014
118477
118843
119008
119662
120066
120450
120925
121347
121667
121973
122398
122873
122873
124018
124527
124843
125008
125570
125913
126332
127018
127332
127591
127848
128278
128824
129300
129645
130182
130603
131131
131265
131636
132554
133225
133724
134203
134697
135157
136183
136784
137770
138410
138829
139111
139396
140922
141777
142653
143473
143988
144302
145197
146009
146680
147655
148453
149138
149630
150161
151721
152452
153585
154692
155184
155797
156585
157305
157929
159064
160386
161052
161930
162496
163654
165035
165940
166764
167405
168265
169579
170785
172218
172965
173331
175374
175849
176378
177493
178538
180644
182103
183282
184788
186383
187487
188969
191339
193118
194966
196591
198123
199672
201145
202507
203946
205162
206305
207455
208610
210412
212553
214060
215086
215920
217277
218948
220426
222148
223398
224119
224538
225472
226714
227764
228895
229768
230563
231095
231737
232780
233598
234502
235462
235882
236210
236883
237629
238205
239009
239617
239998
240201
240773
241392
242087
242660
243247
243526
243778
244168
244923
245452
245616
246045
246299
246794
247364
247979
248502
248989
249463
249776
250177
250579
250968
251332
251582
251983
252182
252384
252727
253196
253781
254136
254295
254435
254603
254937
256031
256563
257186
257698
258039
258637
259260
259639
260133
260627
261129
261531
261848
262404
262935
263470
263944
264863
265403
265481
265819
266214
266561
266861
267455
267681
268070
268561
269184
269958
270600
271548
272108
272809
273497
274319