0
0
0
0
0
0
0
0
0
0
0
0
0
0
0
0
0
0
0
0
0
0
0
0
0
0
0
0
0
0
0
0
0
0
0
0
0
0
0
6
6
7
10
13
13
13
14
15
15
17
17
17
28
28
37
58
111
199
367
506
789
981
1082
1173
1403
1595
1823
1924
1962
2240
2748
3163
3368
3465
3646
3747
3747
4450
4965
7161
7257
7466
7529
7603
7858
8225
8450
9022
9468
10128
10398
10850
11183
22719
22719
22719
23240
24258
24675
24934
26336
27464
29538
31881
31881
31881
30298
28818
29071
29559
29509
30419
30486
30502
31467
32763
33182
33582
34151
34854
35306
35828
36258
36756
37355
37355
38103
38471
38571
38571
39098
39098
40414
40966
40966
41575
42728
43120
43378
43917
44440
44440
45778
46356
46751
47322
47943
48490
49097
49731
49731
50640
50640
51643
51643
53156
53856
54574
55255
55665
56432
58257
59468
60657
61535
61958
62380
63245
63245
64221
65018
67209
67870
68459
69570
70329
71365
72444
73382
74013
74620
76217
77257
78148
79049
80036
80694
81161
82279
83193
84370
85355
86232
86232
87041
87963
88866
90537
91969
93572
94459
94701
95563
97110
98343
99409
100688
101542
101751
102941
104475
105508
106481
107089
107769
108289
109030
110549
111219
112141
112906
113648
113767
114309
115457
116360
117175
118045
118045
110092
110757
112166
113206
114732
116451
118594
118911
119553
121525
122257
124129
125620
126419
126711
127643
129892
131146
132475
133981
134747
134965
135749
137047
138584
139534
140351
141034
141339
142056
143531
145045
145848
146828
147033
147315
148171
149083
150360
151659
152422
153289
153423
154115
155625
156451
158270
159614
161635
162178
163192
164908
166302
167147
168192
169194
169562
170110
171433
171783
172508
173486
174907
175269
175711
176630
177513
178674
179627
180295
180676
181104
182250
183246
183840
184876
185643
185944
186436
187230
188138
189534
190909
192117
192685
193673
194876
195884
196482
197391
197998
198244
198752
199228
200379
200765
201524
202110
202180
202356
203461
204249
205003
205920
206257
206329
206364
207084
208010
208828
209274
209355
209758
210326
211512
212512
213378
214513
214614
215080
216083
217377
218385
219148
220349
221070
221506
222567
224315
226002
226866
230808
231482
231644
232568
234315
236189
237158
238232
241292
241567
242146
243535
246000
246687
249779
250828
250986
251279
252390
253339
255412
257115
258282
258607
259783
260076
262213
263517
265527
267223
267701
268073
268219
269860
271276
273097
274673
274968
275780
278779
281169
282599
284347
286155
286367
286725
289472
289735
291070
292943
294503
294618
295114
296841
297957
299216
300666
302221
302498
302854
305598
307429
309643
310868
312598
312851
313570
316807
318656
321451
322699
324482
325124
327325
328755
330388
332038
333175
335681
336777
337702
339604
341619
342678
344877
346817
347070
347589
350539
355431
355964
358157
360546
360563
361154
362843
365393
371306
372754
373362
374775
375329
377662
380689
381862
384589
387299
388046
391242
393048
395327
396888
398921
400296
402060
402595
404632
405783