0
0
0
0
0
0
0
0
0
0
0
0
0
0
0
0
0
0
0
0
0
0
0
1
1
1
1
1
1
1
1
1
1
1
1
1
1
1
1
2
2
2
2
3
15
15
49
55
59
60
67
80
109
110
150
196
196
256
285
294
327
366
402
456
495
536
576
609
656
710
779
865
985
1070
1173
1322
1450
1560
1699
1794
1939
2065
2190
2350
2505
2673
2844
3032
3144
3333
3490
3659
3891
4092
4319
4534
4782
5042
5268
5537
5895
6193
6465
6813
7201
7588
7981
8476
8964
9400
9746
10093
10431
10829
11228
11719
12229
12764
13484
14229
15003
15786
16513
17265
17967
18756
19666
20793
22082
23449
24985
26384
27536
28615
29767
31115
32612
34079
35444
36829
38284
39726
41303
42980
44598
46289
47856
49219
50437
52211
53758
55233
56809
58141
59561
61130
62755
63923
65188
66754
68311
69814
71299
72711
74035
75253
76222
77279
78304
79254
80235
81158
82070
83001
83930
84843
85771
86474
87172
87775
88402
89078
89745
90413
91072
91583
92062
92482
92947
93356
93757
94078
94316
94483
94640
94752
94875
95006
95147
95314
95492
95666
95834
95963
96108
96220
96336
96475
96590
96753
96914
97025
97148
97237
97340
97478
97619
97825
98062
98285
98497
98727
98939
99115
99280
99425
99582
99712
99863
100041
100228
100403
100557
100708
100856
101009
101177
101340
101500
101641
101772
101900
102015
102141
102254
102375
102513
102625
102736
102840
102955
103079
103198
103317
103466
103575
103683
103781
103902
104035
104156
104262
104387
104516
104648
104787
104915
105033
105159
105297
105424
105547
105705
105883
106060
106230
106397
106540
106707
106877
107030
107209
107376
107555
107736
107925
108122
108329
108530
108754
108962
109201
109422
109654
109881
110095
110319
110547
110767
111009
111284
111613
111955
112318
112676
113027
113381
113742
114107
114475
114832
115183
115541
115911
116303
116724
117156
117583
118014
118432
118847
119281
119702
120147
120611
121089
121575
122086
122609
123153
123701
124280
124891
125555
126273
127061
127972
128993
130126
131315
132541
133900
135233
136644
138062
139471
140878
142187
143464
144583
145590
146809
147810
148799
149792
150753
151723
152719
153741
154620
155507
156397
157275
158174
158963
159715
160463
161143
161817
162486
163129
163761
164282
164871
165418
165951
166492
167013
167525
168057
168597
169106
169640
170207
170780
171390
171993
172602
173202
173813
174426
175059
175677
176333
176943
177543
178151
178774
179407
180051
180640
181241
181829
182424
183010
183591
184168
184755
185334
185922
186503
187094
187716
188361
189000
189639
190280
190924
191555
192195
192840
193482
194127
194771
195418
196061
196709
197350
198011
198681
199364
200050
200739
201432
202131
202843
203546
204256
204965
205732
206510
207293
208082
208876
209677
210489
211307
212130
212961
213798
214639
215484
216334
217186
218041
218902
219774
220658
221570
222523
223514
224517
225528
226531
227552
228584
229635
230713
231803
232905
234015
235140
236272
237410
238560
239740
240927
242120