0
0
0
0
0
0
0
0
0
0
0
0
0
0
0
0
0
0
0
0
0
0
0
0
0
0
0
0
0
0
0
0
0
0
0
0
0
0
0
0
0
0
0
0
0
0
0
0
0
0
0
0
0
0
0
0
0
0
0
1
1
1
1
4
6
6
6
12
12
15
15
22
22
29
29
31
31
33
33
34
34
34
34
34
35
35
35
39
39
39
39
39
39
39
39
39
39
39
39
39
39
39
39
39
39
39
39
39
39
39
39
39
39
39
39
39
39
39
39
39
39
39
39
39
39
39
39
39
39
39
39
39
39
39
39
39
39
39
39
39
41
41
41
65
96
109
121
131
142
142
143
143
143
143
144
144
167
191
191
191
203
203
215
215
215
215
215
215
215
232
232
232
232
232
232
232
251
251
251
251
251
251
251
261
261
263
263
265
265
265
279
279
279
279
282
282
282
282
285
285
285
285
285
285
285
285
285
285
285
304
304
306
306
306
306
306
315
315
317
317
318
318
319
319
319
330
330
330
330
330
341
341
361
361
361
361
361
364
364
364
364
364
364
364
364
364
369
369
375
375
375
375
375
381
381
398
398
398
398
398
405
405
414
414
414
414
414
422
422
452
452
452
452
452
457
461
461
461
461
461
461
461
463
463
463
480
480
480
484
484
491
491
491
491
491
493
493
493
493
518
518
518
527
527
551
551
558
558
558
566
566
577
577
577
577
577
594
632
632
632
649
649
649
656
656
711
711
711
711
711
741
741
754
754
807
832
877
951
992
992
1039
1039
1220
1252
1320
1320
1320
1320
1363
1363
1445
1445
1556
1556
1556
1556
1596
1596
1805
1877
1877
1877
1877
1877
1910
1913
1940
1940
1940
1950
1970
2085
2085
2135
2135
2135
2135
2267
2309
2309
2326
2326
2326
2326
2401
2418
2429
2429
2429
2429
2566
2566
2627
2675
2685
2685
2685
2703
2773
2789
2826
2847
2847
2847
2866
2884
2892
2913
2922
2944
2944
2944
2944
2988
3009
3038
3038
3038
3055
3062
3078
3095
3118
3118
3118
3118
3118
3183
3192
3208
3208
3208
3251
3279
3285
3308
3334
3334
3334
3340
3363
3374
3393
3447
3447
3447
3466
3469
3479
3486
3491
3491
3491
3537
3548
3564
3597
3605
3605
3605
3640
3640
3659
3671
3671
3671
3671
3673
3681
3707
3734
3742
3742
3742
3754
3818
3822
3822