0
0
0
0
0
0
0
1
1
1
1
1
1
1
1
1
1
1
1
1
1
1
1
1
1
1
1
1
1
1
1
1
1
1
1
2
2
2
3
6
6
6
6
12
15
15
23
30
40
59
59
155
225
244
277
321
336
400
450
523
626
700
792
880
958
1041
1167
1240
1352
1418
1446
1518
1615
1882
1927
2176
2308
2487
2605
2769
2905
2974
3064
3161
3237
3369
3489
3681
3783
3868
4014
4129
4284
4395
4475
4576
4695
4740
4906
4995
5051
5176
5254
5327
5412
5573
5673
5738
5880
5962
5984
6003
6054
6145
6228
6286
6347
6380
6399
6443
6493
6537
6568
6579
6599
6628
6692
6743
6776
6826
6859
6885
6887
6911
6911
6941
6964
6981
7001
7025
7040
7064
7073
7087
7104
7108
7112
7117
7119
7133
7142
7143
7144
7155
7167
7172
7191
7198
7198
7209
7214
7236
7241
7242
7248
7253
7257
7262
7265
7273
7279
7291
7294
7295
7301
7296
7293
7301
7318
7335
7340
7351
7362
7372
7380
7388
7393
7398
7404
7414
7423
7432
7443
7453
7466
7483
7512
7532
7554
7568
7584
7601
7623
7642
7683
7700
7720
7731
7752
7776
7805
7842
7871
7906
7920
7938
7981
8002
8019
8042
8049
8077
8086
8142
8161
8200
8225
8261
8291
8327
8337
8430
8469
8512
8557
8580
8627
8725
8750
8799
8858
8922
8980
9046
9195
9288
9379
9484
9577
9682
9743
9892
9992
10103
10244
10391
10538
10702
10929
11049
11345
11580
11849
11998
12212
12499
12703
12944
13133
13293
13424
13555
13849
14071
14255
14474
14652
14848
14970
15163
15378
15566
15910
16113
16291
16400
16637
16930
17119
17385
17385
17797
17887
18107
18345
18542
18858
19102
19315
19419
19647
19935
20286
20747
21216
21639
21936
22289
22652
23148
23766
24307
24629
24912
25462
25882
26422
26758
27218
27631
27881
28242
28732
29572
30073
30450
30810
31110
31459
31870
32228
32582
32853
33162
33414
33717
34084
34447
34648
34821
34977
35137
35420
35858
36107
36403
36604
36772
36919
37218
37549
37772
38068
38392
38590
38790
39011
39335
39593
39911
40101
40337
40505
40722
41166
41565
41915
42334
42580
42772
43120
43616
44039
44402
44871
45238
45482
45784
46049
46493
46894
47262
47616
47969
48407
48807
49165
49572
50007
50319
50662
51047
51595
52209
52653
53285
53742
54132
54532
55122
55687
56407
57052
57672
58064
58645
59442
60200
60904
61552
62063
62522
63110
63889
64609
65315
66006
66869
67334
67851
68693
69497
70267
71123
71643
72073
72713
73516
74242
74754
75545
76003
76425
76845
77452
78106
78672
79094
79396
79737
80068
80416
80842
81261
81707
82053
82278
82564
82964
83253
83633
83633
84131
84287
84501
84797
85077
85344
85607
85804
85937
86161
86405
86613
86808
87096
87228
87345
87529
87798
88078
88332
88561
88723
88866
88990
89270
89532