0
0
2
3
3
3
4
5
5
5
6
6
6
6
6
6
6
11
11
11
11
11
11
11
12
12
12
12
12
12
12
12
12
12
14
18
38
57
100
130
191
212
288
426
616
948
1125
1411
1783
2293
2293
3681
4496
4532
6683
7715
9124
10970
12758
14463
16758
20123
22372
25334
29252
33047
37692
40295
44649
52278
57122
59228
64452
47378
48233
50887
47396
51251
55035
56600
58045
108791
111932
129380
132588
145166
147057
150863
151955
154402
157068
158868
157158
159969
161647
162280
165966
169098
167643
168861
169387
170179
170540
171102
172219
176355
177096
177627
178156
178405
178719
179472
179993
180635
181148
181563
181703
182147
182648
183130
183397
184153
184699
184260
184585
184840
185012
188355
188949
190744
190975
191382
190735
187509
191869
192450
193022
193363
193637
194190
194815
195179
195981
196478
196868
197004
197667
198155
198741
199528
200147
200490
200632
201330
201598
201853
203116
203564
203158
203803
204244
205234
205773
206312
206670
206681
207699
208153
208975
209419
210134
210385
210401
211824
211886
212613
213182
214011
214174
214178
216089
216684
217605
218841
219932
220020
220020
222508
223072
224542
225931
227239
227302
227305
230665
231636
233344
234945
237332
237402
237437
242168
243582
246180
248858
251781
254991
257994
258644
260763
264535
269335
274344
277818
282498
284474
288090
288377
299580
307221
312681
318047
321160
326264
333377
340499
349333
357927
364943
369209
375947
384566
394328
403837
415174
421519
427915
435741
445932
456171
469404
482964
493500
499039
509123
522414
538264
554368
568588
579223
583522
591527
605893
618944
631380
647868
660372
666011
677321
696274
713676
734764
761441
777378
786590
800216
823218
852975
878607
910711
940548
954837
975213
1002635
1043448
1086285
1131550
1138166
1211176
1245658
1283208
1329820
1379294
1414364
1460543
1566634
1639235
1593159
1650965
1711917
1798572
1837134
1858558
1881171
1917577
1950205
1974270
2006227
2033419
2043469
2089071
2117968
2138704
2161968
2179638
2192768
2197830
2207751
2224505
2237506
2250280
2262757
2272520
2276874
2285238
2299466
2312253
2323764
2336646
2347595
2351006
2365043
2379718
2393590
2407079
2421026
2432559
2435751
2447406
2465126
2483524
2499529
2516957
2529756
2535716
2547577
2562615
2584333
2604595
2607688
2616510
2619616
2631110
2657624
2677666
2697014
2700480
2712975
2717059
2737884
2763116
2784883
2804743
2824920
2840864
2844680
2864360
2888292
2909723
2931040
2952449
2969091
2972889
2996784
3023661
3046371
3069695
3093619
3112055
3116355
3138498
3165449
3189405
3212640
3236685
3255920
3260308
3283645
3310051
3310071
3355678
3376266
3395981
3400324
3419210
3444888
3465964
3486673
3507904
3524450
3528856
3548452
3573638
3596156
3620283
3642654
3664700
3669354
3689534
3721061
3746475
3771691
3795687
3815639
3820369
3843241
3870144
3895430
3918937
3942243
3964078
3969612
3992755
4022429
4050558
4075735
4105527
4131874
4138345
4168411
4206912
4241973
4277171
4312510
4343097
4358910
4373607
4438999
4484659
4526530
4569164
4606185
4615295
4646014
4705068
4755779
4802457
4802545
4883174
4893971
4902025
4902985
5000155
5000314
5001685
5119585
5128140
5167265
5210772
5248853
5285304
5321176
5350521
5357229
5401305
5436229
5469674
5502014
5534656
5559121
5565080
5595403
5626985
5653533
5677835
5703505
5713393
5717160
5741537
5767541
5789283
5808421
5829166
5838294
5841593
5861384
5882882
5902343