0
0
0
0
0
0
0
0
0
0
0
0
0
0
0
0
0
0
0
0
0
0
0
0
0
0
0
0
0
0
0
0
0
0
0
0
0
0
0
0
0
0
0
0
0
0
0
0
0
0
0
0
1
1
1
1
1
1
3
4
5
5
6
6
7
7
7
7
7
16
18
21
21
21
21
24
30
34
44
44
46
49
57
57
80
80
108
108
109
120
156
166
167
172
176
176
211
238
276
276
276
335
335
367
397
397
504
620
661
661
802
863
1004
1104
1209
1320
1320
1432
1502
1567
1567
1728
1934
1934
2135
2238
2319
2431
2613
2655
2655
2655
2803
2902
2955
3101
3101
3101
3101
3247
3375
3463
3463
3463
3463
4033
4114
4229
4340
4428
4428
4428
4739
4849
4956
5087
5209
5209
5209
5394
5394
5513
5513
5620
5620
5620
5743
5743
5871
5871
5942
5942
5942
6026
6026
6121
6121
6315
6315
6315
6433
6433
6588
6588
6984
6984
6984
7189
7189
7352
7352
7352
7531
7531
7646
7646
7787
7787
7923
7923
7923
8006
8006
8077
8077
8225
8225
8225
8270
8270
8319
8319
8388
8388
8388
8409
8409
8468
8468
8505
8505
8505
8533
8533
8538
8538
8601
8601
8601
8608
8608
8621
8621
8643
8643
8643
8654
8654
8678
8678
8696
8696
8696
8704
8704
8716
8716
8728
8728
8728
8728
8752
8766
8766
8797
8797
8797
8808
8808
8815
8815
8835
8835
8835
8860
8860
8869
8869
8881
8881
8881
8884
8884
8901
8901
8919
8919
8919
8937
8937
8957
8957
8968
8968
8968
8984
8984
9005
9005
9022
9022
9022
9029
9029
9048
9048
9062
9062
9062
9084
9084
9084
9116
9131
9131
9131
9150
9150
9173
9173
9191
9191
9191
9214
9214
9239
9239
9254
9254
9254
9278
9278
9300
9300
9330
9330
9330
9351
9351
9373
9373
9400
9400
9400
9420
9420
9469
9469
9497
9497
9497
9510
9510
9571
9571
9571
9571
9571
9605
9605
9641
9641
9694
9694
9694
9740
9740
9819
9819
9899
9899
9899
10019
10019
10120
10120
10278
10278
10278
10411
10411
10536
10536
10748
10748
10748
10952
10952
11129
11129
11457
11457
11457
11836
11836
12171
12171
12577
12577
12577
12865
12865
13107
13107
13553
13553
13553
13884
13884
14234
14234
14564
14564
14564
14849
14849
15254
15254
15254
15625
15625
16015
16015
16313
16313
16660
16660
16660
16945
16945
17297
17297
17711
17711
17711
18078
18078
18426
18426
18426
18777
18777
19140
19140
19550
19550
19863
19863
19863
19863
19863
20265
20265
20636
20636
20636
20971
20971
21566
21566
21566
21858
21858
22032
22032
22228
22228
22433
22433
22433
22568
22568
22568
22818
23075
23075
23075
23201
23201
23201
23201
23311
23432
23432
23565
23565
23734
23734