0
0
0
0
0
0
0
0
0
0
0
0
0
0
0
0
0
0
0
0
0
0
0
0
0
0
0
0
0
0
0
0
0
0
0
1
1
1
1
3
3
3
3
4
4
4
13
15
15
24
24
25
30
33
33
34
38
40
43
49
54
61
70
75
79
83
90
91
103
110
117
134
155
162
174
188
196
211
218
234
242
257
272
300
306
348
370
388
394
402
408
416
425
444
456
486
497
511
517
539
566
582
589
593
604
610
615
623
626
635
638
642
647
667
671
683
695
701
707
713
721
723
728
730
731
732
735
738
746
757
783
794
796
800
801
805
808
809
812
818
827
831
843
851
864
879
879
888
893
896
898
906
908
911
914
917
919
921
924
926
928
931
939
943
948
951
953
958
963
968
973
981
986
995
999
1004
1006
1010
1018
1028
1039
1049
1073
1085
1104
1117
1131
1137
1145
1155
1160
1168
1171
1177
1179
1182
1197
1206
1213
1216
1225
1250
1264
1278
1283
1306
1321
1336
1341
1351
1361
1370
1385
1394
1411
1421
1429
1436
1447
1455
1462
1469
1487
1510
1548
1568
1596
1621
1650
1684
1729
1773
1830
1917
2075
2227
2392
2562
2758
2937
3119
3306
3502
3695
3913
4140
4399
4664
4960
5254
5552
5866
6192
6640
7093
7564
8118
8696
9245
9753
10225
10752
11271
11794
12272
12841
13521
14440
15327
16285
17477
18663
19857
21208
22803
24562
26503
28431
30303
32127
33858
35567
37263
38936
40727
42579
44522
46817
49218
51993
54852
57753
60680
63650
66561
69681
73154
76658
79678
82835
85952
89395
93092
96860
100684
104732
108690
111818
114889
118690
123470
127942
132368
135584
139343
143376
147636
152704
158154
162475
164976
169649
174383
178953
183099
187006
189726
191063
194900
198387
201368
204003
206907
208638
209462
212526
214871
216843
218724
220508
221605
222143
224155
225893
227420
228410
228752
229169
229763
232079
233879
235491
236028
238086
239229
239780
241637
243255
244612
245789
247025
247805
247915
249465
249934
251071
251974
252972
253518
253816
254822
255564
256287
256956
257632
258111
258351
259209
259897
260480
261018
261620
262024
262228
263057
263601
264158
264665
265200
265557
265722
266462
266948
267313
267701
268097
268355
268502
268995
269438
269800
270137
270510
270758
270918
271379
271739
271872
272262
272617
272851
272998
273137
273650
274045
274377
274721
274989
275148
275685
276067
276436
276796
277218
277480
277650
278178
278628
279027
279446
279936
280301
280472
281145
281761
282260
282789
283369
283833
284061
284958
285645
286406
287183
287689
288396
288755
290129
291214
292244
293321
294540
295358
295936
297728
299038
300264
301535
302785
303751
304272
305850
307401
308834
310310
311457
312445
312954
313742
315913
317719
319266
320830
321919
322468
324256
325665
326441