0
0
0
0
0
0
0
0
0
0
0
0
0
0
0
0
0
0
0
0
0
0
0
0
0
0
0
0
0
0
0
0
0
0
0
0
0
0
0
0
0
0
0
0
0
0
0
0
0
0
0
0
0
0
0
0
0
0
0
0
1
1
1
1
7
7
7
9
9
9
9
10
12
12
12
12
12
12
12
14
14
14
14
14
14
14
14
14
14
14
14
15
15
15
18
18
18
19
20
20
20
21
21
21
21
21
21
21
21
21
21
21
21
21
22
22
22
22
22
22
22
22
22
22
23
23
23
23
23
23
23
23
23
23
23
23
23
23
23
23
23
23
23
23
23
23
23
23
23
23
23
23
23
23
23
23
23
23
23
23
23
23
23
23
23
23
23
23
23
23
23
23
23
23
23
23
23
23
23
23
23
23
23
23
23
23
23
23
23
23
24
24
24
24
24
24
24
24
24
24
24
24
24
24
24
24
24
24
24
24
24
24
24
24
24
24
24
24
24
24
24
24
24
24
24
24
24
24
24
24
24
24
24
24
24
24
24
24
24
24
24
24
24
24
24
24
24
24
24
24
24
24
24
24
24
24
24
24
24
24
24
24
24
24
25
25
25
25
25
27
27
27
27
27
27
27
28
28
28
28
28
28
28
28
28
29
29
30
30
30
30
32
32
32
32
32
32
32
32
33
33
36
36
41
41
41
41
41
41
41
41
41
41
41
41
41
41
41
41
41
43
43
43
43
43
43
69
69
69
85
85
94
94
103
103
103
105
105
112
112
112
124
127
127
127
127
127
127
127
127
127
127
127
127
127
132
132
132
132
139
139
139
139
139
139
139
139
147
147
148
148
148
148
148
148
148
148
148
148
148
148
148
148
148
148
148
148
148
148
148
148
148
148
148
148
148
148
148
148
148
148
148
148
148
148
148
148
148
148
148
148
148
148
148
148
148
148
148
154
154
154
154
154
154
154
154
154
154
154
155
155
155
155
155
155
155
155
155
155
155
155
155
155
155
155
155
155
155
155
155
155
155
155
157
157
157
159
159
159
159
159
159
159
160
160
160
160
160
160
160
160
160
160
160
160
160
161
161