0
0
0
0
0
0
0
0
0
0
0
0
0
0
0
0
0
0
0
0
0
0
0
0
0
0
0
0
0
0
0
0
0
0
0
0
0
0
0
0
0
0
0
0
0
0
0
0
0
2
2
2
2
3
6
8
9
12
24
24
26
30
30
36
52
68
95
110
139
141
172
219
222
264
268
298
305
312
343
382
392
393
397
407
419
426
442
457
472
477
494
510
519
591
627
627
661
702
738
771
804
1010
1055
1178
1270
1461
1685
1771
1830
1972
2100
2080
2255
2318
2460
2565
2646
2798
2955
2955
3204
3477
3477
3950
4189
4401
4640
4752
4752
5094
5202
5362
5527
5690
5880
5971
6155
6327
6450
6935
7360
7669
8132
8455
8858
9178
9656
10299
10739
11258
12306
12769
13356
13943
14571
15366
15994
17007
18082
18818
19558
20262
21120
22116
22921
23943
24665
25428
25978
26384
27053
27583
28090
28579
29106
30036
30867
31745
32793
33835
34611
35345
36102
36902
37559
38438
39276
39741
40460
40944
41426
42014
42685
43197
43794
44299
45098
45755
46365
46973
47454
47872
48403
48657
49042
49467
49979
50502
50995
51670
52298
52819
53381
53983
54511
55479
55877
56649
57669
58810
59645
60174
61014
61769
62526
63158
63798
64352
64764
64814
65218
65597
65802
66049
67136
67789
68620
68620
69660
70120
70611
71143
71616
72075
72306
72675
73193
73840
74548
74548
75537
76098
76900
77598
78269
78788
79629
80020
80662
81016
81672
82552
83146
84081
84413
84852
85458
86089
86691
87594
88425
89381
90232
91078
91509
91509
92724
93214
93966
94623
95199
96150
96888
96888
98212
98405
98688
99124
99347
99576
100041
100041
100573
100804
101169
101468
102079
102555
103102
103239
103488
103488
103488
103551
104435
104435
105211
105211
106116
106681
107134
107513
107888
108253
108253
109144
109760
109760
109960
111023
111023
111707
112792
113207
113708
114043
114359
114642
114943
115317
115474
116212
116212
117022
117190
117588
118036
118036
118659
119097
119097
119713
120912
120912
121827
122974
123144
123369
123398
123822
124899
125118
125557
126943
127945
128701
129805
131009
131963
132412
133507
134111
134938
136068
136898
138044
139182
140238
140929
141984
142880
144007
144992
146110
147100
147843
147843
148951
151103
152225
153253
153905
154568
155735
156606
157468
158355
159024
159788
160171
160983
161727
162584
163305
164077
164495
165095
165737
166547
167494
168243
168911
169754
170304
170985
171758
172100
172577
172577
173020
173729
174243
174508
175442
176427
177168
177832
178277
178925
179515
180271
180796
181357
181931
182409
183280
184031
184821
185484
186337
187015
187460
187975
188514
189043
189726
189726
190142
190631
191136
192413
193029
193783
194548
195525
195780
196086
196704
198214
198975
199682
200259
200935
201677
202413
202413
204828
205696
205696
206907
206907
207320
208356
211076
212333
213167
213167
214475
215833
216964
217595
218330
219288
219288
220185
222118
222992
222992