0
0
0
0
0
0
0
0
0
0
0
0
0
0
0
0
0
0
0
0
0
0
0
0
0
0
0
0
0
0
0
0
0
0
0
0
0
0
0
0
0
0
2
2
2
4
7
9
9
13
13
19
30
32
39
50
58
73
85
103
131
167
187
226
261
300
343
408
447
492
525
585
623
678
733
744
817
895
980
1190
1310
1410
1458
1512
1579
1652
1763
1834
1916
1984
2098
2168
2284
2443
2443
2500
2583
2649
2727
2775
2863
2942
2998
3035
3065
3111
3150
3178
3213
3263
3284
3313
3341
3380
3417
3473
3509
3535
3556
3598
3641
3678
3713
3741
3756
3771
3793
3816
3841
3867
3876
3892
3921
3931
3954
3970
3990
4008
4014
4017
4027
4039
4053
4064
4069
4076
4077
4078
4079
4081
4086
4094
4102
4107
4114
4123
4127
4138
4142
4145
4155
4157
4166
4172
4174
4183
4189
4205
4210
4220
4223
4229
4234
4247
4258
4263
4279
4293
4315
4333
4339
4347
4366
4380
4398
4424
4435
4448
4456
4465
4484
4505
4526
4535
4544
4553
4564
4597
4621
4653
4696
4731
4746
4768
4813
4853
4877
4916
4946
4970
5002
5046
5098
5133
5155
5191
5215
5288
5379
5511
5669
5961
6139
6257
6622
6923
7382
7892
8387
8963
9304
9715
10191
10909
11825
12309
13153
13879
14460
15170
16111
16920
17990
18866
19499
20450
21200
22127
23077
24014
24716
25567
26461
27309
28631
29717
30575
31480
32298
33114
34046
35222
36596
37664
38837
39862
40782
41732
43025
44816
46290
47768
48757
50180
52212
54278
56098
59247
61563
63642
65933
68127
71413
75321
79199
82780
86769
90988
94916
99625
104943
109616
114778
118918
122863
126790
131887
136723
140961
147456
152659
156949
161461
165901
170298
174618
177952
181881
185687
192047
198440
204708
211527
217122
221073
225209
231844
238056
243581
250278
254148
256367
259588
265003
271200
276247
280400
283870
285763
288567
291549
295977
300022
302989
305130
306368
308262
311554
314164
315362
316060
316669
317571
319543
322514
325278
326688
327995
328851
329721
331768
334836
337743
340459
342237
343656
344352
345710
347636
349149
350587
351828
352703
353276
354252
355662
356973
358317
359574
360418
360877
361881
363450
364909
366279
367586
368710
369288
370336
371988
373564
375125
376495
377655
378734
380013
381875
383735
385755
387462
388799
389622
391170
394023
397116
400111
403023
405646
407274
410129
414514
419182
424130
428599
432925
435689
439900
446178
452547
459816
466017
468713
475207
480860
489172
498183
507627
516490
524196
529122
532578
539080
549839
560971
571596
580642
586123
593710
603347
614612
624779
633861
641124
645733
652433
661721
670776
679413
685979
689853
691743
693676
698490
705815
713868
720164
725241
728078
731675
736982
742198
746802
750508
753188
754833
757360
760967
764394
767190
769518
771454
772707
774399
776983
779348
781299
782892
784111
784837
785967
787647
789188
790564
791709
792386
792879
793784
795200