0
0
0
0
0
0
0
0
0
0
0
0
0
0
0
0
0
0
0
0
0
0
0
0
0
0
0
0
0
0
0
0
0
0
0
0
0
1
1
3
6
11
26
34
43
50
50
58
69
85
103
134
156
171
180
220
250
330
409
473
568
588
648
737
802
890
963
1020
1086
1135
1220
1319
1364
1417
1486
1562
1586
1616
1648
1675
1689
1701
1711
1720
1727
1739
1754
1760
1771
1773
1778
1785
1789
1789
1790
1792
1792
1795
1797
1797
1798
1798
1799
1799
1799
1799
1801
1801
1801
1801
1801
1801
1802
1802
1802
1802
1802
1802
1802
1803
1803
1803
1804
1804
1804
1804
1805
1805
1805
1806
1806
1806
1806
1806
1806
1806
1806
1807
1807
1807
1807
1807
1807
1808
1810
1811
1812
1812
1814
1815
1815
1815
1815
1815
1817
1818
1820
1820
1821
1822
1824
1825
1830
1830
1830
1830
1832
1833
1833
1833
1833
1833
1833
1833
1835
1835
1836
1836
1838
1839
1839
1839
1840
1841
1843
1843
1847
1854
1857
1861
1872
1885
1893
1907
1915
1918
1926
1932
1952
1955
1958
1962
1968
1972
1976
1983
1999
2011
2014
2027
2035
2040
2050
2058
2064
2073
2077
2082
2087
2092
2100
2105
2107
2116
2121
2128
2135
2136
2141
2143
2150
2153
2157
2161
2162
2165
2168
2174
2189
2206
2230
2307
2307
2377
2419
2476
2512
2561
2601
2623
2663
2695
2728
2769
2809
2872
2921
2980
3081
3172
3267
3373
3460
3526
3582
3668
3757
3837
3929
3998
4055
4101
4193
4230
4268
4308
4394
4448
4504
4574
4671
4719
4797
4865
4890
4931
4957
4989
5017
5039
5063
5078
5101
5114
5142
5160
5170
5186
5189
5205
5215
5226
5231
5251
5269
5277
5289
5298
5312
5323
5346
5371
5381
5392
5413
5413
5448
5462
5476
5482
5496
5506
5516
5524
5539
5552
5557
5564
5571
5578
5588
5604
5621
5642
5656
5667
5683
5683
5683
5683
5683
5726
5736
5754
5754
5754
5754
5754
5795
5811
5832
5845
5867
5880
5890
5898
5912
5935
5948
5956
5956
5956
5970
5970
5975
5981
5981
5981
5981
5990
5992
6000
6001
6002
6002
6002
6009
6011
6013
6016
6021
6021
6021
6020
6025
6026
6026
6033
6033
6033
6039
6039
6044
6044
6045
6045
6045
6049
6049
6049
6049
6049
6049
6049
6054
6055
6058
6058
6059
6059
6059
6064
6067
6069
6070
6072
6072
6072
6083
6087
6089
6091
6097
6097
6097
6119
6122
6144
6158
6163
6163
6163
6183
6194
6205
6205
6205
6225
6225
6225
6241
6251
6256
6258
6258
6258
6267
6274
6275
6279
6286
6286
6286
6329
6350
6362
6379
6390
6390
6390
6429
6447
6456
6466
6472
6472
6472
6483
6491
6497
6500
6506
6506
6506
6519
6522
6526
6526