0
0
0
0
0
0
0
0
1
1
1
2
3
3
3
3
3
3
3
3
3
3
3
3
3
3
3
3
3
3
3
3
3
3
3
3
3
3
3
3
5
5
28
30
31
34
39
43
56
62
73
82
102
113
119
142
156
194
244
330
396
499
536
657
727
887
987
1024
1251
1397
1998
2543
2567
3082
3588
4778
5311
5916
6725
7598
8446
9205
10453
11487
12322
13430
14352
15722
17615
18539
20080
21370
23077
24530
26283
27890
29451
31324
33062
34863
37257
39699
42505
46437
49400
52987
56351
59695
62808
67161
70768
74292
78055
81997
85784
90648
95698
100328
106475
112028
118226
124794
131423
138536
144950
150793
158086
165386
173491
181827
190609
198370
207191
216824
226713
236184
246622
257486
265928
276146
286605
297535
308993
320922
332424
343091
354065
366946
380532
395048
410451
425282
440215
456183
473105
490401
508953
528859
548318
566840
585481
604641
625544
648315
673165
697413
719664
742417
767296
793802
820916
849522
878254
906752
936181
968857
1003832
1039084
1077781
1118206
1155338
1193078
1238798
1288108
1337024
1385635
1435616
1480073
1531669
1581963
1634746
1695988
1750723
1803695
1855745
1908254
1964536
2027074
2088611
2153010
2215074
2268675
2329638
2396637
2461190
2525922
2589952
2647663
2702681
2767253
2836925
2905825
2975701
3044940
3106348
3167323
3224547
3310234
3387500
3463972
3542733
3621245
3691166
3769523
3853406
3936747
4023179
4113811
4204613
4280422
4370128
4465863
4562414
4659984
4754356
4846427
4930236
5020359
5118253
5214677
5308014
5400619
5487580
5562663
5646010
5732518
5818570
5903932
5992532
6074702
6145291
6225763
6312584
6394068
6473544
6549373
6623815
6685082
6757131
6835655
6906151
6979423
7053806
7120538
7175880
7239389
7307097
7370468
7432680
7494551
7550273
7597063
7651107
7706946
7761312
7814682
7864811
7909959
7946429
7990322
8040203
8088851
8137119
8184082
8229313
8267623
8313876
8364086
8411724
8462080
8507754
8553657
8591730
8636011
8683916
8728795
8773479
8814579
8845127
8874290
8912907
8958483
9004365
9050597
9095806
9139865
9177840
9222216
9266705
9309787
9351109
9392919
9431691
9462809
9499413
9534964
9571559
9608211
9644222
9677203
9703770
9735850
9767371
9796744
9826775
9857029
9884100
9906165
9932547
9956557
9979447
10004599
10031223
10055560
10075116
10099066
10123778
10146845
10169118
10187850
10207871
10224303
10244852
10266674
10266674
10286709
10323965
10340469
10356844
10374932
10395278
10413417
10413417
10450284
10466595
10479179
10495147
10512093
10527683
10542841
10557985
10571773
10581823
10595639
10610883
10625428
10639684
10654533
10667736
10676838
10689527
10701193
10720048
10733130
10746174
10757610
10766245
10777284
10790183
10802591
10814304
10826363
10838194
10847304
10858371
10871294
10880603
10892746
10904940
10916589
10925710
10937320
10950201
10963394
10977387
10991651
11005850
11016434
11030176
11046914
11063491
11079979
11096731
11112241
11124527
11139516
11156923
11173761
11192045
11210799
11229398
11244786
11262707
11285561
11308846
11333728
11359048
11385339
11409831
11438734
11474605
11514331
11555284
11599130
11646081
11686796
11734058
11787534
11846652
11908910
11971624
12039644
12095855
12149335
12221665
12303131
12392260
12485509
12589067
12686049
12801785
12928574
13060542
13205926
13358805
13527717
13689453
13873825
14074564
14291917
14526609
14788003
15061805
15320972
15616130
15930774
16263695
16610481
16960172
17313163
17636186
17997113
18376421
18762976
19164969
19557457
19925517
20282833
20664979
21077410
21491598
21892676
22296081
22662575
22992517
23340938
23703665
23703665