0
0
0
0
0
0
0
0
0
0
0
0
0
0
0
0
0
0
0
0
0
0
0
0
0
0
0
0
0
0
0
0
0
0
0
0
0
0
0
0
2
2
2
2
4
4
6
19
27
34
34
69
96
117
134
172
227
311
369
450
514
579
686
790
893
1046
1155
1285
1414
1528
1677
1790
1986
2092
2273
2491
2738
2956
3293
3512
3842
4241
4557
4839
5136
5516
5923
6248
6575
6760
7135
7418
7775
8211
8607
8882
9096
9511
9771
10118
10551
10843
11192
11587
12071
12438
12776
13112
13645
14032
14265
14749
15438
16006
16496
17025
17514
18010
18496
19189
20162
20796
21745
22271
22750
23165
23851
24538
25216
25773
26473
26940
27549
28233
28818
29521
30514
31186
32033
33076
34316
35295
36406
37420
38277
39294
40400
41431
42762
43803
45029
45891
46845
47896
49009
50187
51427
52812
54010
55092
56385
57770
59394
60695
62142
63749
64958
66226
68079
70736
72347
74018
75699
76981
78572
80094
81668
83130
84882
86521
88214
89869
91751
93657
95418
97286
98778
100303
102051
104432
106336
108376
109936
111455
113134
115056
116871
118753
121226
123503
125396
127083
128776
130718
132816
135123
137468
139549
141370
143043
144945
147211
149408
151498
153535
155412
157859
160165
162884
165887
169195
172053
174796
177571
180646
184268
187537
190665
194109
196989
200035
203342
207203
210940
214746
218382
221523
225030
228993
232628
236519
240687
244676
248852
252923
257388
262022
266845
271339
275213
278722
282724
287008
291182
295499
299506
303498
307120
311176
315714
320564
324658
328952
333449
336716
340622
344749
349160
353461
357762
361867
365240
368842
373109
377541
381910
385980
389712
392934
396454
400483
404048
406945
410088
412784
415402
418375
421731
425796
429574
433836
437716
440569
444348
448118
452291
457735
463007
467113
470648
474455
478720
483518
488310
493308
497668
502110
506302
511836
516753
522581
527999
534266
538883
543975
549508
557877
563680
569707
575796
581550
586842
592900
598933
605243
611631
617820
623309
629429
636154
643508
650197
657948
664930
671778
678125
685639
692838
700097
706837
713365
719219
727122
735124
743198
751270
758473
765350
772103
779548
788402
797723
808340
818386
828026
836718
846765
858043
869600
882418
896642
907929
917015
927380
939948
951651
965283
977474
989262
999256
1012350
1024298
1037993
1051795
1066313
1078314
1089308
1099687
1111671
1123105
1134854
1147010
1157837
1166079
1174779
1183555
1191990
1201859
1210703
1217468
1223930
1233959
1243646
1252685
1263299
1271353
1278653
1288833
1298608
1306141
1314634
1322866
1329074
1334634
1341314
1347026
1353834
1361098
1368069
1373836
1379662
1386556
1392945
1398578
1403722
1410134
1414741
1419455
1425044
1430458
1437283
1443853
1450132
1455788
1460184
1465928
1471225
1476452
1482559
1487541
1492002
1496085
1501093
1505775
1511712
1517854
1523179
1527524
1534255
1537967
1542516
1547376
1552880
1558145
1562868
1566995
1571824
1577526
1583182
1589359
1594722
1599763
1604348
1609300
1614849
1620569
1626812
1632248
1636792
1641194
1647138
1651794
1657035
1662868
1668368
1672880
1677274
1682004
1686373
1691658
1697305
1703632
1709762
1713684
1718575
1723596
1728204
1731652