0
0
0
0
0
0
0
0
0
0
0
0
0
0
0
0
0
0
0
0
0
0
0
0
0
0
0
0
0
0
0
0
0
0
0
0
0
0
1
1
1
2
6
6
18
18
19
21
34
43
43
90
129
129
169
223
292
557
683
785
906
1125
1329
1564
1819
2121
2415
2615
2910
3235
3447
3849
4273
4604
4994
5364
5709
6074
6574
8089
8928
9655
10647
11479
12547
13271
13980
14758
15251
15652
16040
16671
17607
18184
18561
19262
19648
19877
20253
20612
20833
21176
21506
21772
21983
22248
22385
22541
22760
22996
23135
23242
23401
23827
23956
24048
24112
24200
24251
24315
24391
24506
24582
24639
24698
24735
24803
24841
24876
24929
24990
25062
25066
25111
25142
25163
25183
25201
25207
25215
25231
25238
25250
25295
25303
25321
25334
25341
25355
25368
25374
25379
25383
25391
25396
25405
25414
25437
25439
25462
25473
25477
25489
25498
25509
25527
25531
25538
25542
25565
25589
25611
25628
25638
25670
25683
25698
25730
25750
25760
25766
25802
25819
25826
25845
25869
25881
25892
25929
25942
26027
26065
26109
26162
26208
26253
26303
26372
26470
26644
26712
26768
26801
26838
26929
26995
27191
27257
27313
27499
27547
27676
27755
27908
27969
28116
28201
28363
28453
28578
28720
28760
28811
29025
29114
29206
29303
29534
29672
29774
30080
30164
30360
30571
30730
30985
31192
31549
31799
32023
32271
32538
32933
33121
33444
33675
33994
34315
34560
34990
35377
35740
36155
36597
37063
37668
38032
38549
38973
39584
40086
40703
41714
42528
43351
44159
45243
46429
47427
48678
49962
50993
52256
53422
54476
55261
56108
57128
58067
58767
59434
60297
61059
61456
62002
62750
63048
63483
64046
64538
64855
65394
65659
65889
66247
66632
67099
67526
67903
68356
68686
69058
69473
69802
70143
70461
70711
70930
71187
71494
71699
71942
72241
72544
72798
73066
73228
73491
73948
74246
74468
74682
74900
75203
75507
75756
76185
76449
76776
77197
77678
78254
78776
79542
80267
81228
82155
83073
84098
85394
86129
86894
88439
90157
91779
93532
96926
101887
107997
113322
121154
127657
135884
140727
147613
152539
155591
159144
163057
166548
169780
172726
174843
176839
179324
181922
184279
186184
187554
188923
189851
191182
192645
193892
195303
196547
197553
198424
199430
200744
201763
202548
203568
204397
204940
205939
206801
207720
208796
209582
210402
211113
211751
212647
213400
214378
215057
215743
216300
216840
217478
218251
218980
219592
220273
220630
221189
221649
222169
222699
223219
223651
223957
224588
225179
225820
226358
226741
227316
227663
228215
228796
229306
229831
230599
231119
231484
232164
232758
233327
233937
234541
235078
235444
235854
236600
237187
237695
238148
238466
238907
239325
239723
240192
240643
240945
241330
241684
242105
242402
242819
243238
243508
243911
244297
244695
245310
245743
246204
246633
247069
247489
247857
248326
248870
249437
249838
250290
250672
251087
251474
251904
252303
252809
253189
253567
254013
254450