0
0
0
0
0
0
0
0
0
0
0
0
0
0
0
0
0
0
0
0
0
0
0
0
0
0
0
0
0
0
1
1
1
1
1
2
3
6
6
7
12
15
15
21
37
47
56
60
88
60
81
112
138
177
251
295
371
386
628
843
1080
1249
1351
2468
2988
3421
3901
4433
4979
5717
6413
7132
7729
8157
8740
9191
9568
9906
10249
10607
10952
11504
11942
12341
12652
12948
13246
13537
13813
14112
14394
14619
14895
15143
15302
15385
15513
15672
15754
15896
16012
16069
16096
16149
16181
16246
16307
16340
16359
16388
16427
16450
16489
16511
16523
16528
16543
16570
16592
16607
16624
16643
16648
16661
16683
16733
16773
16850
16963
16992
17079
17179
17300
17397
17539
17666
17744
17884
18063
18236
18476
18667
18851
19000
19136
19334
19634
19905
20207
20517
20676
20849
21194
21645
22132
22648
23112
23510
23895
24652
25438
26410
27556
28495
29316
30147
31281
32671
33998
35523
36932
38100
39338
41058
42662
44539
46478
48083
49531
50547
52434
54440
56484
58474
60304
61416
62458
64506
66631
68585
70372
71734
72359
73067
74867
76596
78286
79963
81727
82481
83405
85109
86932
88554
90197
91585
92342
93410
95060
96709
98349
99836
101329
102040
103005
104905
106861
108814
110885
112717
113627
114728
116906
119158
122351
125012
127635
129140
131317
134705
138194
142190
146351
150326
153045
156220
161025
166564
171138
176523
181863
185672
188251
192117
199138
206263
214497
222887
228769
232183
233342
238333
247411
255142
262200
264793
267730
273451
278175
282340
286095
289058
289974
291620
294789
297125
299242
300854
302354
302765
303687
305204
306397
307569
308601
309450
309696
310303
311187
312074
312797
313441
314121
314349
315007
315795
316641
317410
317980
318671
318883
319417
320136
320811
321574
322410
323171
323463
324088
324961
325790
326585
327355
328129
328551
329316
330275
331132
332211
333296
334328
334908
335933
337191
338389
339968
341406
342101
343826
344906
346797
348285
350271
352397
353269
355786
357176
359506
360630
365042
367975
370152
372886
374760
378259
382487
385022
389678
394391
398664
401470
407285
412398
416584
423262
428510
434799
441542
448173
456139
463448
471048
477357
485434
491319
501073
510063
520060
529814
535049
543499
551689
558249
565629
575842
582869
589028
593961
597403
601069
609656
621590
628895
633991
638789
643435
652246
659978
668874
675618
680856
685583
692101
696528
703719
709729
714812
718746
721846
724380
730293
734575
738629
741934
744513
744513
750043
754998
759572
763756
767726
770780
773335
775807
779958
785218
789485
793407
796465
799727
801575
805116
808262
811492
814250
816198
817799
818977
820913
822703
824178
825562
826609
827220
827772
828764
829689
830028
830845
831383
831383
831924
832125
832639
833105
833456
833707
834070
834247
834603
834920
835216
835486
835674
835813
835933
836158
836334
836590
836902
836936
836883
837047
837218
837357
837492
837807
837892
837974
838024
838107
838217
838323
838407
838481
838481
838554
838621
838697
838767
838828
838858
838886
838894
838957
839000
839030
839059