0
0
0
0
0
0
0
0
0
2
2
2
2
2
2
2
3
3
3
3
3
3
3
3
3
3
3
3
3
3
20
62
155
229
322
453
655
888
1128
1694
2036
2502
3089
3858
4636
5883
7375
9172
10149
12462
15113
17660
21157
24747
27980
31506
35713
41035
47021
53578
59138
63927
69176
74386
80589
86498
92472
97689
101739
105792
110574
115242
119827
124632
128948
132547
135586
139422
143626
147577
152271
156363
159516
162488
165155
168941
172434
175925
178972
181228
183957
187327
189973
192994
195351
197675
199414
201505
203591
205463
207428
209328
210717
211938
213013
214457
215858
217185
218268
219070
219814
221216
222104
223096
223885
224760
225435
225886
226699
227364
228006
228658
229327
229858
230158
230555
231139
231732
232248
232664
232997
233197
233515
233836
234013
234531
234801
234998
235278
235561
235763
236142
236305
236651
236989
237290
237500
237828
238159
238011
238275
238499
238720
238833
239410
239706
239961
240136
240310
240436
240578
240760
240961
241184
241419
241611
241819
241956
242149
242363
242639
242827
243061
243230
243344
243506
243736
243967
244216
244434
244624
244752
245032
245338
245590
245864
246118
246286
246488
246776
247158
247537
247832
248070
248229
248419
248803
249204
249756
250103
250566
250825
251237
251713
252235
252809
253438
253915
254235
254636
255278
256118
257065
258136
259345
260298
261174
262540
263949
265409
266853
268218
269214
270189
271515
272912
274644
276338
277634
278784
280153
281583
283180
284796
286297
287753
288761
289990
291442
293025
294932
296569
298156
299506
300897
302537
304323
306235
308104
309870
311364
313011
314861
317409
319908
322751
325329
327586
330263
333940
338398
343770
349494
354950
359569
365467
372799
381602
391611
402536
414241
423578
434449
449648
465726
484869
504509
525782
542789
564778
589766
616595
647674
679430
709335
731588
759829
790377
824879
862681
902490
935104
960373
995463
1028424
1066401
1107303
1144552
1178529
1205881
1238072
1272352
1308528
1345767
1380531
1408868
1431795
1455022
1480874
1509875
1538217
1564532
1585178
1601554
1620901
1641610
1664829
1688939
1709991
1728878
1742557
1757394
1770149
1787147
1805873
1825775
1843712
1855737
1870576
1888144
1906377
1921778
1938083
1953185
1964054
1977370
1991278
2009317
2028354
2038759
2047696
2056277
2067487
2083689
2107166
2129376
2141201
2155446
2166244
2181619
2201945
2220361
2237890
2257866
2276491
2289021
2303263
2319036
2336279
2352423
2368733
2381277
2390102
2400598
2414166
2428221
2441854
2455185
2466813
2475372
2485956
2501147
2515507
2529070
2541783
2553032
2560957
2570608
2583790
2597446
2611659
2625098
2636738
2644707
2655319
2668266
2683403
2697296
2710819
2721879
2729223
2739591
2751657
2765412
2780882
2795796
2809246
2818863
2832162
2848564
2868435
2888923
2907825
2925265
2938371
2955434
2976274
2999119
3023129
3046762
3067486
3081368
3101093
3123368
3149017
3175807
3201838
3223142
3238394
3258770
3281810
3306711
3332418
3356331
3376376
3400877
3419616
3440862
3464543
3488619
3512453
3532057
3544957
3561012
3584899
3607083
3629000
3650247
3668264
3678944
3686707
3700393
3717602
3736526
3754077
3769814
3779594
3793033
3809193
3826156
3842079
3857443
3870131
3878994
3891063
3904899
3920945
3935703
3949517
3962674
3971114
3981512
3994894
4009208
4022653
4035617
4044762
4050708
4059821
4070400
4082198
4092747
4102921
4111210
4116287
4123230
4131078
4139160