0
0
0
0
0
0
0
0
0
0
0
0
0
0
0
0
0
0
0
0
0
0
0
0
0
0
0
0
0
0
0
0
0
0
0
0
0
0
0
0
0
1
1
1
1
1
1
1
1
1
1
1
1
8
17
34
52
69
85
85
112
127
154
172
212
235
246
259
268
274
278
299
310
323
345
349
353
358
372
372
381
389
391
397
401
402
407
413
417
425
428
435
437
441
444
447
449
449
451
453
459
460
461
465
471
473
494
508
522
540
562
576
582
586
596
607
613
629
649
672
684
700
704
708
711
718
720
728
730
734
739
746
755
757
765
784
795
808
831
845
863
890
915
953
961
979
981
987
1001
1008
1015
1033
1042
1047
1071
1086
1104
1111
1121
1128
1132
1133
1136
1147
1150
1164
1167
1169
1169
1169
1173
1176
1179
1183
1198
1201
1206
1209
1214
1218
1223
1113
1120
1131
1146
1154
1168
1176
1182
1187
1191
1193
1208
1213
1218
1224
1231
1232
1237
1246
1252
1268
1283
1303
1320
1329
1339
1378
1398
1438
1482
1498
1532
1576
1609
1639
1716
1756
1801
1869
1893
1966
2034
2097
2161
2233
2301
2353
2411
2478
2581
2659
2739
2945
3062
3314
3528
3677
3852
4131
4344
4540
4779
5045
5679
6042
6591
7211
8061
8492
9226
10049
11825
13101
13650
14749
15640
17464
19001
20200
21517
22763
23998
24926
26073
28127
30550
33009
34548
36053
37573
38937
40972
43620
46441
48930
50750
53087
55055
58855
61942
65385
69306
72607
75866
81743
86576
91234
95864
101248
104802
109321
114986
120982
126401
132086
136555
141305
143678
149539
155993
163926
169395
174335
178161
183429
188410
192996
198021
203021
207601
210709
214307
219430
223617
227208
231237
234353
237513
240089
244069
247131
250219
253121
255459
257275
259614
262477
265024
267585
269806
271514
272797
274949
277448
279892
281983
283690
285306
286356
287946
289748
291393
293067
294494
295765
296668
298208
299831
301303
302856
304071
305163
305959
307209
308670
309846
310968
312043
312851
313557
314514
315544
316427
317405
318181
318911
319519
320453
321298
322241
323111
324169
325033
325674
326855
328062
329194
330474
331768
332990
333855
335154
336839
338322
340177
341984
343563
344803
347250
349562
352219
355106
356744
357611
359811
363728
368278
372417
376441
380268
383912
386496
391090
397158
402282
407617
413350
417934
421415
427717
435130
442202
448851
457151
464856
469000
477053
486470
495380
504915
514107
521461
526666
535455
544724
553727
562857
571290
577734
582133
589316
597256
605007
611577
618059
622833
626875
632907
639444
645449
650681
655456
659250
662395
665735
669300
672090
676175
679138
681870
683466
685973
689482
692181
695390
697487
699164
700423
702154
704540
706355
708265
709817
711373
712077
712901
714173
715703
716923
717930
718632
719233
719233
720998
721853
721853
722754