0
0
0
0
0
0
0
0
0
0
0
0
0
0
0
0
0
0
0
0
0
0
0
0
0
0
0
0
0
0
0
0
0
0
0
0
0
0
0
0
0
0
0
0
0
0
0
0
0
0
0
0
0
0
0
0
3
3
6
14
14
16
42
44
44
58
58
84
94
107
111
116
130
144
147
216
228
270
280
298
339
377
419
430
449
466
489
506
554
568
590
612
631
665
665
682
695
708
729
746
756
769
795
830
843
871
895
906
931
1002
1016
1037
1044
1082
1111
1117
1138
1216
1243
1270
1313
1350
1365
1403
1433
1468
1520
1594
1662
1722
1748
1817
1845
1871
1899
1936
1974
2007
2032
2055
2093
2166
2166
2207
2285
2472
2562
2657
2657
2789
2981
3356
3356
3726
3954
4204
4446
4513
5017
5296
5506
6261
6767
6878
7094
7377
8141
8279
8847
9358
9910
10410
11117
11444
11444
12282
12498
13101
24606
27143
27143
28251
28980
31247
31247
32124
32813
33296
33844
34592
35223
35805
36299
36719
37129
37541
38110
38659
39162
39571
39919
40085
40455
40759
41069
41373
41645
41856
41991
42146
42325
42507
42703
42889
43023
43126
43245
43358
43459
43587
43712
43820
43898
43958
44036
44135
44199
44293
44403
44458
44487
44613
44684
44761
44828
44881
44928
44999
45072
45153
45244
45335
45335
45471
45542
45630
45757
45932
46090
46251
46355
46522
46669
46841
47056
47184
47428
47635
47799
48097
48342
48617
48924
49230
49528
49871
50201
50589
51020
51490
52044
52526
52910
53459
54006
54588
55144
55750
56170
56738
57276
57798
58394
58878
58878
59879
60774
61309
61309
61748
62304
62819
63390
64360
64360
64887
65454
65953
66983
66983
67469
67894
68316
68702
69149
69581
69885
70366
71171
71548
71548
71971
72807
73178
73178
73513
73933
74373
74774
75395
75395
75690
76012
76391
77059
77059
77356
77674
78151
78151
78415
78679
78911
79254
79254
79429
79659
79845
80025
80182
80373
80535
80654
80843
81034
81156
81214
81388
81388
81512
81656
81826
81991
82138
82273
82380
82587
82587
82723
82986
83109
83178
83178
83430
83430
83585
83796
83796
83900
84068
84175
84303
84303
84377
84529
84588
84588
84646
84832
84920
84920
84992
85071
85113
85171
85253
85328
85398
85441
85475
85516
85564
85689
85689
85831
85831
85929
85929
86001
86025
86091
86142
86185
86251
86308
86356
86410
86410
86451
86506
86550
86583
86640
86640
86755
86818
86818
86850
86917
87045
87143
87143
87239
87389
87389
87462
87652
87758
87758
87858
87946
88092
88163
88276
88538
88538
88700
88842
89014
89153
89277
89438
89660
89811
90019
90227
90372
90599
90839
91144
91374
91639
91883
92095
92320
92626
93006
93278
93603
93831
94030
94277
94599
94944
95275
95752
96060
96337
96561
96958
97278
97663
98079
98400
98654
99033
99316
99645