0
0
0
0
0
0
0
0
0
0
0
0
0
0
0
0
0
0
0
0
0
0
0
0
0
0
0
0
0
0
1
1
1
1
1
2
2
2
4
10
13
13
13
16
22
22
32
32
41
61
61
77
93
110
110
120
133
157
163
187
248
267
318
333
368
391
412
438
446
470
479
494
508
520
527
541
548
576
582
609
619
630
632
641
658
663
668
672
673
677
677
682
688
696
704
707
710
717
721
725
729
733
737
740
741
750
784
796
809
845
859
870
878
886
891
902
911
931
954
961
1024
1086
1097
1114
1119
1140
1161
1168
1172
1191
1220
1233
1242
1256
1306
1312
1320
1331
1350
1368
1388
1402
1422
1442
1446
1464
1473
1489
1495
1510
1536
1587
1603
1622
1644
1662
1697
1719
1740
1745
1778
1788
1796
1830
1855
1873
1885
1907
1946
2011
2082
2168
2334
2419
2451
2542
2599
2700
2775
2859
2905
2980
3104
3260
3407
3582
3750
3882
4023
4205
4334
4555
4730
4885
5062
5062
5417
5672
5951
6223
6517
6812
7121
7413
7711
8045
8442
8881
9337
9758
10347
10952
11580
12191
12698
13155
13687
14248
14937
15613
16275
16870
17308
17777
18375
18963
19490
20011
20426
20826
21324
21877
22437
22983
23669
24310
25401
25449
26083
26768
27518
28297
29303
29987
30852
31792
32819
33962
35242
36254
37272
38377
39634
40882
42173
43494
44482
45657
46918
48377
49744
51170
52558
53568
54624
55869
57246
58745
60113
61284
62286
62944
64336
65577
67027
68479
69906
71390
72186
73995
75845
77778
79529
81228
82617
83697
85209
87097
89186
91328
93097
94236
95355
96907
98829
100703
102607
104267
105430
106446
107953
110037
111946
113655
115283
116476
117517
118705
120341
122200
123982
125678
126944
127944
129455
131297
132817
134295
134295
137112
138096
139135
140409
142187
143705
145245
146520
147613
148877
150933
153049
154944
156570
158104
159286
160979
163225
165933
168069
169472
171226
172820
175118
177996
181503
183888
186408
189278
192139
195759
199925
204699
210139
215553
219296
222391
226948
231936
237132
243286
249158
252812
255956
260315
264647
269241
272461
276587
279597
282249
285754
289660
293157
296282
298913
301052
303072
305842
309162
312269
315340
317836
319917
321980
324866
328023
331159
334093
336999
339129
340868
343601
346080
348810
351065
353371
355073
356614
359337
362850
366319
369692
372792
375050
376938
380036
383499
386868
390070
393228
395604
397887
401826
405407
408909
411839
415362
418448
419953
423433
426977
430734
434322
436575
439568
441014
444865
448721
452281
455381
458338
461062
462339
465007
468400
471962
474925
477113
479501
480502
482798
485918
489428
491928
494633
496846
497854
499839
502299
504800
506808
508503
510403
511398
513006
515088
516600
518104
519615
520939
521581
522763
524241
525577
526578
527508
528208
528457
529205
530217
531234
531834
532269
532839
533141
533685
534388
534968