0
0
0
0
0
0
0
0
0
0
0
0
0
0
0
0
0
0
0
0
0
0
0
0
0
0
0
0
0
0
0
0
0
0
0
0
0
0
0
0
0
0
0
0
0
0
0
0
0
0
0
0
0
0
0
0
0
0
0
0
0
0
0
0
0
0
0
0
0
0
0
0
0
0
0
0
0
0
0
0
0
0
0
0
0
0
0
0
0
0
0
0
0
0
0
0
0
0
0
0
0
0
0
0
0
0
0
0
0
0
0
0
1
1
1
1
1
1
1
1
1
2
2
2
2
2
2
2
2
2
2
2
2
4
4
4
4
4
4
4
4
4
4
4
4
4
4
4
4
4
4
4
12
17
17
17
24
24
27
27
27
35
35
35
35
79
91
91
91
134
184
184
233
245
256
256
256
311
359
359
359
359
359
359
359
419
505
505
505
576
604
604
702
718
718
726
726
742
742
742
742
781
781
798
884
884
903
903
946
946
946
996
1015
1015
1015
1015
1049
1051
1051
1051
1051
1085
1085
1085
1085
1085
1148
1148
1148
1148
1148
1164
1164
1245
1245
1245
1245
1327
1327
1327
1390
1390
1424
1424
1424
1507
1554
1558
1558
1558
1565
1576
1595
1639
1680
1680
1683
1683
1683
1767
1786
1800
1800
1805
1805
1822
1833
1833
1833
1833
1833
1833
1918
1918
1923
1934
1940
1940
1943
1947
1947
1947
1953
1953
1953
1961
1961
1963
1963
1967
1967
1967
1967
2026
2026
2026
2041
2041
2041
2041
2052
2058
2065
2066
2085
2086
2086
2092
2092
2109
2109
2109
2109
2109
2137
2142
2145
2150
2150
2150
2150
2150
2164
2178
2214
2250
2250
2277
2307
2365
2400
2546
2546
2546
2546
2546
2725
2725
2725
2725
2725
2956
3005
3094
3094
3206
3206
3206
3206
3206
4137
4351
5170
5203
5937
5937
5937
6241
6356
6371
6371
6371
7018
7018
7035
7504
7555
7656
7656
8044
8047
8047
8278
8610
8649
8664
8900
8900
8969
8969
9216
9380
9380
9380
9718
9804
9819
9852
9852
9965
10254
10350
10375
10455
10455
10461
10461
10466
10467
10467
10468
10491
10491
10491
10495
10497
10521
10522
10523
10523
10523
10523
10525
10525
10528
10528
10530
10530
10530
10530
10530
10530
10535
10535
10535
10538
10685
10686
10686
10686
10686
10686
10686
10686
10706
10706
10706
10707
10707
10707
10707
10707
10707
10707
10707
10707
10709
10709
10709
10709
10709
10709
10709
10720
10720
10720
10723
10723
10723
10728
10728
10728
10730
10731
10731
10731
10733
10733
10733
10749
10749
10761
10761
10773
10773
10773
10774
10778