0
0
0
0
0
0
0
0
0
0
0
0
0
0
0
0
0
0
0
0
0
0
0
0
0
0
0
0
0
0
0
0
0
0
0
0
0
0
1
1
1
1
1
1
1
1
1
1
1
3
3
4
6
9
12
19
27
36
47
69
111
128
166
208
263
292
339
378
424
468
512
579
631
683
716
750
783
821
858
896
926
952
970
977
995
1022
1050
1091
1153
1173
1226
1250
1272
1291
1301
1316
1328
1337
1364
1375
1389
1394
1399
1407
1410
1416
1421
1430
1459
1471
1479
1488
1502
1511
1521
1536
1545
1551
1559
1580
1592
1598
1612
1618
1628
1632
1640
1649
1654
1662
1667
1671
1676
1679
1684
1689
1700
1709
1716
1722
1728
1747
1751
1758
1763
1768
1771
1773
1779
1787
1790
1793
1796
1798
1799
1801
1803
1808
1810
1811
1812
1813
1820
1823
1826
1831
1836
1839
1849
1852
1856
1860
1864
1869
1870
1891
1897
1903
1910
1928
1942
1944
1946
1956
1982
1996
2003
2014
2022
2037
2056
2069
2087
2104
2114
2131
2141
2165
2189
2225
2247
2259
2277
2303
2324
2346
2379
2409
2430
2467
2489
2521
2558
2588
2629
2667
2688
2720
2756
2804
2833
2868
2900
2923
2952
2972
2998
3034
3077
3094
3126
3158
3194
3238
3291
3330
3381
3392
3437
3499
3560
3659
3739
3809
3854
3927
4065
4179
4290
4381
4485
4573
4688
4779
4950
5075
5180
5279
5359
5474
5616
5749
5953
6113
6239
6357
6494
6749
7030
7258
7511
7718
7921
8234
8661
9106
9586
10183
10948
11371
12142
13090
13815
14815
15698
16532
17425
18078
19070
20720
22660
24636
25674
26782
28215
29769
31826
33351
34728
35876
36842
38783
40452
42721
44699
47008
48197
49368
51656
53755
56085
58211
60176
61311
62511
64621
67081
69600
72463
74680
76071
77476
80615
83959
87066
90412
93255
95178
96694
100173
103398
106645
109989
112912
115047
117086
120890
124856
127547
129914
131601
133395
135503
139487
141955
145430
146937
148202
149579
151220
154007
156416
158474
160238
161741
162515
163527
165291
166736
167960
169194
170036
170513
171380
172612
173889
174922
175929
176702
177243
177934
179217
180160
181019
181740
182543
182898
183444
184208
184948
185601
186278
186770
187039
187421
187991
189058
189665
190241
190724
190937
191264
191821
192193
192986
193562
194051
194333
194833
195481
196049
196690
197343
199145
199398
199825
200351
200898
201335
201799
202214
202430
202900
203386
203992
204356
204954
205385
205644
206290
206889
207469
208048
208650
209011
209340
210202
211011
211804
212676
213447
213941
214365
215216
216119
217005
217865
218878
219607
220212
220900
222020
223127
224309
225308
226173
226783
227889
229260
230462
231601
232829
233631
234232
235383
236533
237950
239263
240522
241297
241872
242926
244555
245896
247269
248655
249680
250337
251450
252699
254091
255384
256906
257827
258623
259862
261128
262335