0
0
0
0
0
0
0
0
0
0
0
0
0
0
0
0
0
0
0
0
0
0
0
0
0
0
0
0
0
0
0
0
0
0
0
0
0
0
1
1
1
1
1
1
2
2
3
3
5
7
19
34
51
59
77
140
203
335
484
670
798
875
1099
1333
1453
1605
1831
1950
1988
2178
2319
2487
2612
2729
2804
2843
2970
3034
3115
3223
3270
3281
3292
3307
3373
3444
3480
3537
3550
3558
3618
3654
3665
3695
3711
3723
3729
3741
3769
3784
3802
3812
3824
3828
3840
3851
3859
3871
3877
3886
3888
3894
3904
3915
3923
3930
3945
3947
3958
3971
3980
3981
3990
3992
3993
3995
4001
4008
4012
4016
4018
4019
4020
4024
4027
4032
4035
4039
4040
4046
4049
4052
4055
4063
4070
4072
4075
4085
4091
4099
4105
4120
4121
4133
4140
4151
4173
4217
4242
4256
4299
4345
4395
4447
4476
4522
4542
4603
4650
4719
4777
4842
4925
4956
5056
5122
5285
5409
5483
5605
5639
5725
5854
5952
6056
6189
6272
6321
6375
6533
6616
6695
6793
6855
6864
6917
7007
7073
7113
7169
7205
7216
7242
7300
7368
7405
7439
7458
7469
7499
7566
7637
7704
7762
7775
7794
7838
7928
7928
6580
6625
6625
6625
6625
6745
6811
6854
6896
6950
6960
6974
7023
7088
7088
7159
7159
7244
7284
7394
7541
7718
7718
7718
7916
8016
8090
8158
8233
8233
8233
8376
8431
8509
8595
8709
8709
8709
8925
8979
9119
9219
9360
9514
9722
9731
9840
10030
10244
10471
10471
10888
11010
11241
11671
12333
12851
12851
12851
14399
14884
15659
16356
17134
17134
17134
19101
19634
20344
21147
21806
21806
21806
23227
23710
23710
25218
25931
25931
25931
27256
27681
28573
29243
29762
29762
29762
31111
31484
32100
32873
33409
33409
33409
34678
35129
35802
36429
37017
37017
37017
38476
38476
38476
40037
40755
40755
40755
41900
42250
42845
43279
43728
43728
43728
44582
44809
45209
45209
45209
45209
45209
45849
46088
46415
46415
46415
46415
46415
46986
47149
47430
47592
47744
47744
47744
48027
48181
48372
48486
48630
48630
48630
48890
48975
49204
49319
49438
49438
49438
49733
49852
50089
50228
50388
50388
50388
50733
50923
51128
51330
51512
51512
51512
51879
52022
52247
52392
52539
52539
52539
52923
53062
53329
53562
53782
53782
53782
54172
54354
54678
54871
55110
55110
55110
55480
55632
55902
56110
56296
56296
56296
56677
56822
57056
57321
57503
57503
57503
57926
58111
58408
58674
58955
58955
58955
59497
59662
59907
60205
60465
60465
60465
61073
61255
61642
61881
62105
62105
62105
62105
62625
62793
63180
63467
63467
63467
63880
64062
64334
64549
64746
64746
64746
65144
65319
65604
65813
66007
66007
66007
66374
66594
66826
67045
67205
67205
67205
67495
67642
67850
68020
68153
68153
68153
68431
68552
68748
68748