0
0
0
3
4
4
4
7
8
8
8
8
8
10
12
12
12
16
16
18
18
18
19
19
22
22
22
22
22
22
22
22
22
22
22
22
23
23
25
29
29
36
50
50
83
93
99
117
129
149
149
197
238
428
566
673
790
900
1030
1183
1306
1518
1624
1796
2031
2161
2320
2470
2626
2766
2908
3116
3333
3483
3662
3793
3963
4119
4228
4346
4530
4683
4817
4987
5072
5182
5251
5305
5389
5425
5482
5532
5603
5691
5742
5780
5820
5851
5945
6002
6071
6176
6298
6353
6383
6428
6467
6535
6589
6656
6726
6742
6779
6819
6855
6872
6894
6941
6978
7009
7059
7137
7185
7245
7417
7604
7619
7629
7732
7762
7819
7857
7877
7970
8247
8266
8303
8322
8329
8336
8338
8369
8402
8445
8453
8494
8505
8515
8529
8535
8556
8572
8587
8590
8596
8600
8606
8616
8634
8637
8639
8640
8643
8648
8658
8663
8668
8674
8677
8683
8696
8704
8718
8725
8729
8734
8737
8755
8764
8779
8800
8815
8831
8840
8861
8884
8897
8904
8943
8956
8964
8976
8985
8999
9001
9002
9023
9038
9063
9070
9083
9094
9103
9114
9129
9149
9175
9200
9212
9219
9235
9240
9249
9257
9267
9274
9285
9291
9296
9306
9317
9334
9340
9354
9360
9374
9385
9391
9397
9459
9559
9583
9628
9810
9868
9915
9946
9969
10031
10052
10147
10167
10219
10276
10358
10505
10576
10687
10769
10919
11034
11135
11224
11484
11771
12088
12381
12813
13504
13993
14368
14722
15096
15657
16220
16880
17540
18129
18758
19627
20498
21363
22225
22957
23804
24514
25742
26565
27805
28640
29441
30090
30889
31548
32505
33339
34393
35425
36434
38189
39357
40209
41181
42050
42872
43791
45095
46209
47417
48520
49730
50390
51680
52638
53679
54775
56659
58847
59817
60752
61861
63176
64485
65697
67169
68020
69095
70236
71359
72694
74294
75306
76265
78499
80309
82246
83475
84846
86618
87913
89133
90816
91969
93309
95327
97389
98737
100318
101565
103900
105096
106690
108615
110485
113010
115078
117373
119077
120818
122845
125438
128465
131108
133559
135992
138224
141533
144518
147855
151066
155095
158434
161740
165371
169379
172549
176180
180455
183801
186849
190434
194114
198208
203933
209661
214959
219173
222628
226912
231483
234874
238721
242452
245552
248316
251604
254988
258306
261805
264269
266445
269165
272163
274875
277811
280272
283569
285761
288229
291774
293698
295951
298315
300752
302580
304135
305880
307943
310097
311777
313460
314989
316269
317717
319364
320939
322409
323763
324971
326034
327253
328466
330042
331713
333040
334156
335540
336808
338168
339443
340642
341944
342885
344018
345500
346678
347972
349610
350959
352029
353329
354468
355753
357607
359117
360856
362173
363940
365829
367977
370528
372859
375054
377132
379473
381813
384688
387535
390252
392942
395718
398451
401593
404925
408713
411594
415012
417512
420632
424376
427927
432425
436944
440677
444484
448457
453222
458077