0
0
0
0
0
0
0
0
0
0
0
0
0
0
0
0
0
0
0
0
0
0
0
0
0
0
0
0
0
0
0
0
0
0
0
0
0
0
0
0
0
0
0
0
0
0
0
0
0
0
0
0
0
0
0
0
0
0
0
0
0
0
0
0
0
0
0
0
0
0
0
3
3
4
4
5
8
8
8
9
12
13
16
16
16
16
17
17
17
17
18
23
33
33
33
34
36
36
36
37
37
38
39
41
41
43
43
43
56
56
57
57
63
63
63
65
70
70
70
71
72
82
82
83
101
101
101
203
273
279
284
336
358
369
393
409
409
438
443
455
455
481
481
529
547
555
564
572
592
620
620
730
749
803
941
960
1005
1038
1146
1152
1224
1265
1342
1498
1613
1613
1742
1818
1864
1942
2069
2261
2364
2430
2497
2614
2712
2805
2810
2907
2992
3045
3302
3302
3453
3453
3640
3664
3709
3738
3858
4078
4186
4231
4272
4361
4426
4491
4575
4624
4658
4674
4714
4752
4912
4988
5026
5072
5125
5193
5240
5282
5322
5382
5414
5419
5423
5474
5496
5523
5528
5536
5566
5576
5579
5593
5608
5611
5614
5621
5630
5653
5655
5669
5678
5690
5697
5701
5704
5711
5716
5718
5731
5733
5739
5746
5747
5764
5766
5768
5770
5772
5773
5779
5783
5783
5786
5794
5796
5803
5809
5813
5821
5821
5824
5827
5829
5836
5842
5852
5857
5860
5861
5864
5874
5885
5887
5890
5894
5897
5904
5916
5923
5930
5932
5933
5934
5934
5940
5942
5948
5951
5953
5953
5955
5958
5962
5964
5965
5971
5971
5999
6002
6003
6003
6003
6009
6017
6018
6020
6024
6025
6025
6028
6028
6040
6043
6047
6049
6051
6051
6051
6051
6051
6055
6063
6066
6070
6080
6091
6138
6148
6153
6161
6202
6248
6261
6277
6339
6343
6354
6377
6388
6471
6583
6684
6712
6844
6935
7110
7337
7611
7925
8306
8575
9027
9027
9400
9991
11223
11785
12470
13027
13880
14851
16049
17365
18439
19395
19987
20830
21660
22304
23020
23497
23963
24365
24903
25449
25884
26360
26875
27195
27422
27722
28050
28270
28630
28876
29035
29181
29421
29634
29837
30277
30528
30742
30942
31106
31295
31502
31675
31798
31945
32008
32148
32229
32283
32283
32398
32442
32469
32528
32614
32673
32746
32789
32789
32864
32894
32970
33045
33174
33216
33237
33270
33323
33354
33387
33415
33458
33481
33505
33525
33551
33584
33639
33647
33661
33673
33685
33718
33738
33779
33805
33827
33859
33872
33891
33902
33919
33919
33941
33959
33968
33975
33989
33989
34011
34016
34021
34031
34052
34062
34078
34095
34096
34099
34123
34143
34151
34158
34166
34171
34180
34183
34183
34200