0
0
0
0
0
0
0
0
0
0
0
0
0
0
0
0
0
0
0
0
0
0
0
0
0
0
0
0
0
0
0
0
0
0
0
0
0
0
0
0
0
0
0
0
0
0
4
4
6
8
8
9
10
13
13
13
13
13
13
13
13
13
13
13
13
16
16
17
17
18
19
19
19
19
19
19
19
19
19
19
19
20
20
20
22
25
28
35
52
69
83
86
108
129
177
214
226
250
278
468
491
519
527
541
573
617
648
744
790
835
897
904
955
982
1031
1078
1094
1106
1143
1186
1216
1274
1313
1371
1395
1438
1457
1513
1591
1672
1773
1829
1841
1850
1872
1883
1901
1903
1916
1942
1962
1976
2003
2013
2035
2065
2094
2120
2137
2150
2187
2203
2217
2238
2261
2277
2283
2305
2324
2337
2361
2382
2400
2410
2435
2468
2491
2501
2517
2553
2617
2664
2731
2762
2801
2831
2899
2913
2930
2966
2999
3044
3103
3120
3175
3252
3302
3369
3506
3567
3719
3793
3949
4164
4293
4446
4594
4680
4769
4898
5041
5157
5223
5366
5494
5572
5679
5785
5909
6079
6225
6370
6564
6660
6779
6912
7047
7225
7329
7469
7578
7667
7804
8003
8140
8281
8361
8486
8584
8667
8741
8834
8900
8990
9052
9173
9243
9328
9427
9494
9568
9649
9724
9770
9818
9885
9939
10014
10045
10098
10157
10194
10291
10354
10398
10465
10530
10567
10621
10656
10742
10808
10859
10894
10943
10993
11062
11113
11154
11178
11210
11232
11271
11316
11358
11391
11421
11505
11532
11567
11591
11616
11643
11659
11701
11737
11796
11822
11893
11932
11962
11986
12009
12030
12059
12085
12112
12154
12204
12314
12355
12384
12452
12546
12578
12608
12758
12810
12854
12889
12933
12947
12994
13011
13049
13070
13106
13143
13159
13198
13213
13248
13274
13308
13326
13348
13368
13379
13392
13402
13418
13444
13474
13493
13501
13524
13537
13558
13583
13618
13644
13660
13691
13738
13757
13804
13834
13867
13893
13930
13967
13988
14040
14065
14109
14159
14218
14277
14325
14375
14426
14513
14582
14633
14712
14765
14830
14885
14993
15102
15247
15390
15496
15614
15736
15841
16056
16155
16276
16410
16547
16656
16783
16909
17101
17201
17387
17507
17716
17828
17953
18082
18224
18340
18467
18612
18769
18930
19038
19162
19346
19479
19597
19793
19979
20144
20280
20447
20565
20663
20794
20919
21034
21144
21268
21382
21476
21572
21666
21819
21961
22147
22292
22373
22513
22662
22790
22929
23091
23237
23403
23524
23671
23838
24079
24379
24548
24651
24783
24908
25053
25191
25304
25436
25524
25617
25701
25759
25844
25939
26021
26145
26348
26505
26667
26920
27084
27403
27621
27874
28202
28588
29052
29370
29835
30237
30745
31330
31931
32665
33368
34134
34724
35815
37019
38520
40092
41308