0
0
0
0
0
0
0
0
0
0
0
0
0
0
0
0
0
0
0
0
0
0
0
0
0
0
0
0
0
0
0
0
0
0
0
0
0
1
4
5
5
5
5
5
6
6
7
7
7
8
12
26
41
53
82
93
118
164
203
251
316
367
405
475
585
717
848
993
1094
1215
1378
1510
1688
1890
2143
2439
2785
3181
3441
3844
4219
4661
5014
5399
5847
6297
6875
7497
8261
8772
9501
10544
11633
12872
13842
14677
15529
16752
17799
19224
20739
22088
23471
24905
26025
27634
29616
31522
33460
35022
36327
38324
40186
42595
45032
47144
49219
51633
54346
56594
59567
62527
65856
68620
71105
74560
78023
81400
84627
87512
90664
93435
97326
101238
105680
110026
113619
117103
120102
124301
129184
133974
139196
142690
146837
150264
154863
159793
165455
170485
175202
180545
185122
191410
196847
202951
208392
212802
216852
220657
226089
231770
238511
245251
252165
256848
261750
268008
275003
282283
289174
295268
299750
304435
311486
317635
324041
331298
338913
344224
349396
356255
362274
370712
378285
385036
390516
395489
402697
408449
416179
424637
434193
439046
443813
449961
456100
462690
469407
475902
480278
485836
492522
498380
505751
511369
517714
522162
525733
531239
537031
543806
549734
556216
560164
563705
568621
573888
579914
585738
591712
595841
599560
606036
610957
616894
623090
629409
634023
637509
642860
647321
652364
658299
663973
668381
671716
676487
680931
684113
688954
694121
697663
700580
705263
710049
715457
720858
726431
730317
733717
738163
743216
748315
753090
757953
761665
789780
794608
799188
804488
810020
814328
817503
821045
825340
829396
834910
841661
847108
851227
854926
860714
867559
874171
880775
886800
891160
895326
901268
906863
912811
918811
924962
929392
933155
938405
943630
949197
955128
961938
967825
972785
978531
986177
991835
997393
1003253
1006522
1009396
1011153
1015071
1019543
1025969
1032688
1041875
1049358
1060152
1070487
1078594
1090675
1101403
1107071
1113543
1122362
1133613
1144643
1156770
1168395
1175850
1182249
1193255
1205229
1217126
1229379
1241436
1250044
1255974
1267202
1277499
1289298
1301546
1313675
1320545
1325915
1338426
1350079
1362564
1372243
1377217
1383434
1389430
1401529
1413935
1426094
1437185
1443544
1448755
1455219
1466490
1479835
1493569
1507931
1524036
1534039
1541633
1556028
1571901
1588369
1609735
1630258
1641428
1649502
1668396
1688944
1711283
1732290
1752347
1763219
1771740
1788905
1806849
1825519
1841893
1857230
1864260
1869708
1874092
1886245
1886245
1912871
1926080
1932145
1936013
1946751
1957889
1968566
1978954
1988695
1992794
1995892
2004575
2013563
2022662
2030491
2038276
2041380
2043632
2052266
2060908
2069370
2076882
2084128
2086938
2089281
2097194
2104987
2112508
2119305
2125866
2128600
2130477
2137884
2144486
2150955
2157771
2163875
2166290
2167729
2169007
2175462
2182188
2187910
2193639
2195772
2197160
2203041
2208755
2214542
2219845
2224904
2226550
2227843
2232910
2238887
2244268
2247357
2249195
2250458
2251705
2256509
2261879
2267019
2272064
2278420
2280213
2281840
2286352
2291246
2295435
2299939
2304096
2305602
2306910
2311172
2315811
2319519
2323430
2326738
2328391
2329534
2333126
2336944
2340934
2344755
2347780
2348873
2349900
2352964
2355985
2358831
2361874
2364617
2365792
2366496
2368393
2371483
2375115