0
0
0
0
0
0
0
0
0
0
0
0
0
0
0
0
0
0
0
0
0
0
0
0
0
0
0
0
0
0
0
0
0
0
0
0
0
0
1
1
1
1
1
1
1
1
1
1
1
1
2
2
2
2
7
7
7
7
11
11
23
23
23
31
33
42
42
46
49
52
55
60
64
66
73
77
79
81
84
90
92
93
93
93
93
93
94
94
94
94
94
94
94
94
94
94
95
95
95
95
95
95
95
95
95
95
95
95
96
96
96
96
96
96
96
96
96
97
97
97
97
97
98
98
98
98
98
98
98
99
99
99
99
99
99
99
99
99
99
99
99
99
99
99
99
99
99
99
99
99
99
100
101
101
102
102
102
103
103
103
103
103
106
106
106
108
108
108
108
108
108
109
109
109
109
109
109
109
109
109
109
111
112
114
116
116
116
116
117
120
120
120
120
120
121
123
125
125
128
131
133
133
138
141
144
146
146
146
148
148
148
150
154
154
154
154
154
154
154
154
154
154
154
154
142
143
147
147
147
153
156
161
165
168
169
171
177
178
181
186
191
192
193
195
197
199
205
208
210
210
212
214
218
219
221
222
222
223
224
227
229
233
233
234
236
241
248
253
255
260
265
268
271
273
281
295
296
306
310
320
337
347
355
359
366
375
397
412
430
454
483
486
490
512
524
532
540
545
548
552
557
565
573
577
581
582
583
587
594
600
603
607
608
609
617
621
630
630
637
638
641
648
655
657
659
668
668
671
678
685
700
715
723
728
742
756
767
783
789
797
797
801
827
853
875
885
901
907
917
947
978
1018
1041
1053
1057
1070
1092
1128
1145
1169
1194
1205
1212
1240
1262
1287
1311
1345
1357
1368
1399
1413
1430
1430
1475
1489
1499
1543
1572
1596
1625
1647
1655
1665
1695
1717
1735
1752
1755
1760
1774
1787
1816
1835
1844
1862
1870
1885
1904
1916
1932
1942
1953
1956
1965
1965
1981
1997
2009
2019
2023
2028
2048
2062
2075
2097
2106
2107
2120
2135
2141
2149
2164
2173
2173
2182
2199
2210
2227
2248
2254
2259
2265
2282
2288
2305
2320
2326
2329
2334
2345
2353
2364
2369
2374
2375
2377
2378
2384
2387
2391
2395
2399
2404
2413
2422
2423
2426
2429
2432
2439
2442
2447
2452
2454
2457
2457
2465
2468
2471
2475
2477
2479
2479
2481
2486
2487
2490