0
0
0
0
0
0
0
0
0
0
0
0
0
0
0
0
0
0
0
0
0
0
0
0
0
0
0
0
0
0
0
0
0
0
0
0
0
0
0
0
0
0
0
0
0
0
0
0
1
1
1
1
1
1
1
5
6
6
6
10
10
10
10
10
11
11
12
12
12
12
14
14
14
14
14
15
15
16
16
16
16
16
17
30
30
31
31
31
32
33
34
35
36
37
37
38
38
38
38
38
38
39
39
40
41
41
41
42
42
42
42
42
42
98
98
135
136
140
140
140
140
141
141
141
141
141
148
161
179
179
179
185
185
185
186
191
193
193
194
194
194
197
197
197
197
197
197
201
204
204
206
213
215
215
216
219
219
219
220
220
220
220
220
220
220
220
225
227
227
227
227
230
230
243
261
261
262
287
287
287
287
287
287
288
288
288
288
289
291
291
291
291
293
293
293
293
293
293
293
293
293
293
293
297
297
298
298
298
298
298
298
298
298
298
298
298
300
301
301
301
301
301
304
306
306
310
310
310
310
310
310
310
311
311
311
311
311
311
311
311
311
312
312
313
313
313
313
313
313
313
313
313
313
313
313
313
314
315
315
315
315
315
315
318
320
320
320
320
320
320
324
326
327
328
328
328
338
339
340
340
340
340
346
346
349
350
352
353
356
357
357
362
368
382
406
412
416
428
431
434
455
505
555
578
608
640
672
699
712
738
760
784
791
801
812
819
831
842
849
887
888
893
898
905
906
907
912
917
918
923
941
953
961
993
1006
1063
1069
1075
1082
1121
1137
1175
1195
1215
1220
1242
1263
1286
1308
1308
1308
1395
1408
1429
1442
1456
1469
1479
1491
1512
1517
1526
1536
1568
1584
1592
1611
1627
1643
1656
1667
1692
1710
1742
1779
1814
1832
1859
1890
1928
1989
2023
2073
2120
2174
2207
2247
2293
2351
2383
2416
2444
2493
2551
2586
2638
2693
2723
2755
2801
2831
2866
2907
2952
3000
3032
3076
3153
3161
3228
3336
3372
3481
3481
3664
3833
3961
4083
4210
4340
4498
4658
4806
4806
5186
5392
5610
5895
6332
6693
6693
7589
8070
8447
8841
8841
9598
9598
10820
11651
11651
12226
13494
14183
14183
15014
16603
17823
18565
18565
19672
21995
22884
24195
25364
25364
26692
29219
30483
31339
31339
32437
33608
35979
37285
37285
39381
40396
41524
41524
43201
44016
44820
45459
45936
46448
47033
47548