0
0
0
0
0
0
0
0
0
0
0
0
0
0
0
0
0
0
0
0
0
0
0
0
0
0
0
0
0
0
0
0
0
0
0
0
0
0
0
0
0
0
0
0
0
0
0
0
0
0
0
0
0
0
0
2
2
3
14
14
21
27
47
52
69
82
84
85
91
109
123
144
174
201
214
233
241
248
252
255
263
272
274
283
288
303
303
307
308
312
313
315
316
319
320
321
321
321
322
322
322
322
322
323
324
324
324
324
324
324
324
324
324
324
324
324
324
324
324
324
324
324
324
324
324
324
324
324
324
324
324
324
324
324
324
324
324
324
324
324
324
324
324
324
325
326
326
333
337
355
359
362
367
378
389
414
439
469
481
501
548
576
616
663
720
781
841
907
960
1019
1019
1164
1221
1287
1287
1287
1287
1965
2072
2188
2188
2381
2472
2569
2665
2747
2799
2893
2949
3016
3016
3073
3198
3258
3301
3361
3411
3480
3549
3588
3618
3696
3748
3813
3857
3930
3960
4035
4085
4132
4174
4229
4277
4313
4343
4378
4444
4499
4558
4663
4727
4790
4835
4917
5019
5165
5275
5422
5553
5659
5875
6094
6222
6385
6530
6712
6900
7061
7291
7503
7711
7898
8612
8842
9138
9428
9717
9962
10197
10313
10441
10575
10772
10987
11690
11934
12127
12359
12584
12794
13004
13348
13641
13869
14050
14268
14461
14672
15281
15427
15615
15760
15892
16069
16259
16436
16629
16797
16909
17091
17392
17746
18066
18341
18714
19210
19977
20851
21533
22079
22379
22805
23608
24154
24865
25509
26109
26686
27177
27773
28392
29031
29577
30079
30653
31062
31618
32188
32808
33316
33836
34454
34881
35265
35849
36351
36932
37467
37879
38246
38562
39153
39607
40165
40546
40948
41426
41803
42148
42563
42995
43390
43709
43955
44284
44542
45062
45423
45945
46327
46694
46969
47404
47782
48247
48589
48856
49195
49630
50054
50697
51160
51596
51999
52431
52819
53338
53840
54316
54730
55136
55493
55803
56228
56579
56998
57482
57929
58316
58697
59262
59825
60288
60827
61202
61659
61972
62476
63118
63633
64168
64739
65227
65657
66234
66857
67441
68004
68476
68921
69294
69770
70174
70658
71112
71593
71995
72395
72969
73612
74183
74789
75332
75834
76283
76868
77493
78060
78634
79237
79774
80191
80803
81457
82029
82610
83165
83693
84163
84700
85253
85774
86282
86782
87212
87638
88116
88550
88991
89363
89732
90083
90418
90832
91218
91573
91906
92222
92519
92740
93030
93309
93566
93803
94035
94269
94419
94643
94859
95042
95205
95377
95551
95695
95894
96048
96187
96348
96499
96660
96779
96930
97080
97257
97389
97517
97619
97718
97813
97930
98042
98142
98237
98303
98365
98449
98546
98619