0
0
0
0
0
0
0
0
0
0
0
0
0
0
0
0
0
0
0
0
0
0
0
0
0
0
0
0
0
0
0
0
0
0
0
0
0
0
0
0
0
0
0
0
0
0
0
0
0
0
0
0
0
0
0
0
0
0
0
0
1
1
3
5
7
7
8
8
8
8
10
10
10
10
10
10
10
17
17
20
20
21
21
28
29
31
34
35
39
39
39
41
46
65
70
76
76
76
76
76
79
79
80
80
81
81
81
82
87
91
103
104
104
115
119
129
137
145
146
156
162
164
168
194
209
213
227
233
234
244
254
254
307
316
352
354
409
424
433
453
472
489
509
553
583
609
638
651
662
668
688
733
737
757
762
788
816
839
859
883
889
903
918
939
969
987
1012
1040
1071
1092
1111
1135
1157
1219
1268
1330
1383
1402
1435
1491
1507
1536
1557
1582
1590
1616
1669
1701
1720
1748
1808
1864
1907
1946
1973
2029
2079
2120
2213
2241
2269
2411
2481
2559
2638
2708
2791
2855
2914
2991
3045
3115
3195
3304
3395
3440
3508
3590
3651
3697
3760
3821
3916
4039
4117
4207
4265
4341
4444
4557
4647
4764
4832
4918
5040
5269
5482
5713
5994
6161
6264
6537
6771
6912
7114
7262
7399
7589
7757
7983
8288
8556
8728
8888
8979
9049
9196
9296
9398
9494
9639
9742
9844
10001
10088
10258
10392
10537
10612
10707
10866
11080
11190
11331
11559
11748
11895
11986
12161
12273
12415
12525
12777
12869
12988
13130
13202
13283
13391
13485
13577
13768
13823
13892
13991
14094
14227
14340
14448
14514
14566
14629
14723
14877
14981
15037
15109
15231
15302
15467
15506
15586
15613
15701
15770
15866
15918
16038
16133
16244
16326
16373
16440
16521
16680
16812
16954
17002
17042
17143
17256
17338
17477
17568
17695
17767
17767
18031
18108
18162
18265
18310
18372
18485
18642
18794
18968
19309
19463
19542
19667
19961
20482
21361
21939
22334
22996
23726
24269
25004
25862
26551
27446
28270
29396
30225
30848
31628
32418
32781
34055
34926
35833
37108
37705
38654
39460
40260
41433
42488
43184
44112
44600
44912
45785
46736
47790
48588
49135
50265
50691
51800
52629
53527
54204
54968
55643
56160
56595
56920
57597
58218
58772
59350
59607
59914
60395
61170
61529
62131
62520
62703
62882
63174
63645
64004
64296
64516
64516
64929
65197
65452
65799
66064
66212
66306
66496
66649
66762
66879
67011
67197
67197
67292
67579
67729
67923
68005
68119
68227
68292
68431
68466
68506
68578
68758
68792
68871
68927
69002
69067
69134
69203
69228
69309
69437
69523
69597
69643
69665
69715
69762
69804
69864
69917
69965
69984
70000
70031
70052
70108
70138
70166
70212
70283
70267
70287
70315