0
0
0
0
0
0
0
0
0
0
0
0
0
0
0
0
0
0
0
0
0
0
0
0
0
0
0
0
0
0
0
0
0
0
0
0
0
0
0
0
0
0
0
0
0
0
0
0
0
0
0
0
2
2
2
2
2
3
3
3
3
4
7
7
8
8
8
11
11
11
14
14
14
14
16
16
16
16
16
16
16
16
16
16
16
16
16
16
16
16
16
16
16
16
16
16
16
16
16
16
16
16
16
16
16
16
16
16
16
16
16
16
16
16
16
16
16
16
16
16
18
19
20
21
21
21
22
22
23
23
24
25
25
25
25
25
29
29
31
31
31
31
31
32
32
32
34
36
39
45
46
55
63
72
76
102
121
136
183
196
205
285
293
350
375
412
485
539
593
615
668
668
785
861
864
960
1032
1078
1203
1247
1344
1366
1402
1522
1618
1687
1775
1843
1917
1986
2052
2129
2224
2294
2406
2470
2540
2652
2802
2802
2949
3101
3229
3406
3544
3726
3907
4154
4344
4464
4665
4912
5227
5538
5854
6030
6160
6431
6712
6906
7116
7365
7550
7692
7844
8082
8323
8514
8685
8810
8928
9108
9256
9437
9604
9719
9818
9901
9964
10078
10207
10292
10377
10526
10607
10663
10740
10835
10918
11033
11121
11140
11265
11373
11480
11572
11626
11654
11673
11714
11781
11829
11891
11936
11989
12000
12069
12103
12215
12263
12293
12326
12367
12406
12460
12501
12579
12660
12675
12729
12806
12858
12907
12935
12988
13012
13030
13046
13090
13143
13170
13211
13240
13253
13292
13345
13372
13449
13508
13555
13566
13610
13662
13712
13811
13865
13897
13938
14006
14155
14207
14285
14345
14380
14416
14477
14599
14804
14950
15078
15219
15298
15472
15773
16097
16269
16536
16726
16913
17276
17607
18041
18437
18714
19299
19629
19984
20579
21262
21398
21923
22287
22851
23333
23941
24545
24654
25116
25386
25887
26319
26682
27255
27723
28259
28602
28871
29183
29570
29889
30198
30363
30753
30995
31253
31515
31848
32213
32425
32650
32957
33265
33459
33696
33832
33944
34168
34270
34372
34519
34615
34844
34973
35070
35201
35242
35353
35554
35797
35952
36225
36366
36440
36680
36993
37295
37483
37742
37896
37976
38206
38424
38642
38845
39033
39182
39297
39466
39676
39877
40030
40187
40337
40451
40631
40810
41025
41200
41424
41466
41546
41684
41965
42203
42477
42653
42771
42864
43010
43179
43499
43632
43923
44051
44139
44374
44581
44683
44790
44886
45008
45039
45054
45193
45323
45527
45787
45949
46051
46185
46330
46515
46655
46773
46875
46954
47172
47383
47671
47776
47941
48011
48177
48177
48351
48654
48654
48654
48654
49323
49460
49552
49893
50070
50209
50301
50515
50733