0
0
0
1
1
1
1
1
1
1
1
1
1
1
1
1
1
1
1
1
1
1
1
1
1
1
1
1
1
1
1
1
1
1
1
1
1
1
1
1
1
1
1
1
1
1
1
1
1
1
1
1
1
1
1
1
1
1
1
1
1
2
2
3
3
4
5
5
5
5
5
6
6
9
9
9
9
9
9
9
9
12
14
16
16
16
30
31
31
31
43
45
48
49
49
52
52
54
57
57
59
59
75
75
82
99
101
102
110
110
134
217
250
249
267
291
295
375
402
427
457
516
584
603
682
772
886
1042
1212
1401
1572
1811
2099
2300
2634
2912
3235
3448
3762
4086
4364
4614
5062
5335
5760
6211
6591
7177
7848
8274
8605
9026
9561
10099
10728
11162
11755
12309
12772
13248
13564
14046
14519
15259
15491
15784
15964
16168
16423
16531
16649
16719
16801
16945
17061
17177
17344
17445
17502
17658
17844
17994
18094
18241
18374
18483
18613
18752
19063
19273
19547
19771
20086
20332
20750
21009
21390
21750
22214
22592
22972
23310
23948
24432
24957
25551
26019
26660
27241
28257
28938
29645
30483
31117
31935
32678
33533
34418
35529
36456
37340
38561
39460
40529
41649
42877
44236
45277
46257
47236
48138
49219
50465
51919
53120
54159
55329
56788
58327
59573
61593
62797
64122
65276
66632
67804
69301
70614
71821
73394
74745
76258
77817
79728
82450
84570
86823
89263
90814
94253
98617
100676
105684
107755
111802
115358
117996
121745
126137
129304
132246
136036
139129
144872
148509
153008
155233
158089
159830
160400
162354
164718
168235
170743
173567
176500
179614
182923
185974
188883
191636
194453
197024
199760
202329
204242
206353
208299
209776
210973
211475
212917
215020
216965
218639
220308
222288
224078
226026
227640
229343
230723
231978
233452
233452
236246
237589
238861
239885
240981
241995
243377
244433
245650
246694
247593
248423
249244
250180
250916
251692
252474
253184
253772
254514
255236
255979
256592
257200
257700
258181
258840
259548
260059
260593
261019
261438
261859
262262
262784
263193
263605
264159
264521
264780
265268
265698
266143
266546
266816
267056
267322
267644
267992
268310
268646
268948
269180
269450
269789
270092
270375
270588
270745
270854
270959
271118
271289
271431
271602
271707
271806
271925
272055
272215
272349
272430
272557
272614
272718
272840
272945
273070
273166
273263
273351
273431
273556
273666
273760
273872
273984
274065
274143
274216
274294
274381
274488
274608
274655
274721
274810
274869
274973
275070
275118
275178
275231
275310
275424
275518
275625
275750
275829
275906
276056
276244
276389
276509
276665
276750
276839
276980
277147
277309
277461
277640
277768
277944
278210
278470
278768
279100
279388
279725
280028
280524
280984
281564
282054
282890
283658
284673
285900
287567
289787
292152
294601
297087
300119
303561
307925
312699
317530
323187
328893
336030
343418
351005
359610
368580
377603
385890
394667
403794
413111
422349
431191