0
0
0
0
0
0
0
0
0
0
0
0
0
0
0
0
0
0
0
0
0
0
0
0
0
0
0
0
0
0
0
0
0
0
0
0
0
0
0
0
0
0
0
0
0
0
0
0
0
0
0
0
0
0
0
0
0
1
1
2
2
2
2
2
2
2
4
4
4
5
5
5
5
5
6
6
6
6
7
7
8
9
9
9
9
9
9
9
10
10
10
10
11
11
12
13
13
13
13
14
14
14
15
15
16
16
16
16
16
16
16
25
25
25
25
25
25
25
254
254
279
279
279
279
279
759
759
759
759
759
759
759
1118
1118
1118
1118
1118
1118
1118
1464
1464
1464
1464
1464
1464
1464
1823
1823
1823
1823
1823
1823
1823
2170
2170
2170
2170
2170
2170
2170
2519
2519
2519
2519
2519
2519
2519
2846
2846
2846
2846
2846
2846
2846
3147
3147
3147
3147
3147
3147
3147
3439
3439
3439
3439
3439
3439
3439
3672
3672
3672
3672
3672
3672
3672
3902
3902
3902
3902
3902
3902
3902
4115
4115
4115
4115
4115
4115
4115
4311
4311
4311
4311
4311
4311
4311
4494
4494
4494
4494
4494
4494
4494
4668
4668
4668
4668
4668
4668
4668
4818
4818
4818
4818
4818
4818
4818
4961
4961
4961
4961
4961
4961
4961
5073
5073
5073
5073
5073
5073
5073
5170
5170
5170
5170
5170
5170
5170
5264
5264
5264
5264
5264
5264
5264
5353
5353
5353
5353
5353
5353
5353
5434
5434
5434
5434
5434
5434
5434
5514
5514
5514
5514
5514
5514
5514
5514
5514
5591
5591
5591
5591
5591
5661
5661
5661
5661
5661
5661
5661
5725
5725
5725
5725
5725
5725
5725
5784
5784
5784
5784
5784
5784
5784
5838
5838
5838
5838
5838
5838
5838
5887
5887
5887
5887
5887
5887
5887
5887
5938
5938
5938
5938
5938
5938
5938
5991
5991
5991
5991
5991
5991
6046
6046
6046
6046
6046
6046
6046
6097
6097
6097
6097
6097
6097
6097
6152
6152
6152
6152
6152
6152
6152
6204
6204
6204
6204
6204
6204
6204
6253
6253
6253
6253
6253
6253
6253
6299
6299
6299
6299
6299
6299
6299
6347
6347
6347
6347
6347
6347
6347
6398
6398
6398
6398
6398
6398
6398
6445
6445
6445
6445
6445
6445
6445
6489
6489
6489
6489
6489
6489
6489
6537
6537
6537
6537
6537
6537
6537
6582
6582
6582
6582
6582
6582
6582
6629
6629
6629
6629
6629
6629
6629
6677
6677
6677
6677
6677
6677
6677
6727
6727
6727
6727
6727
6727
6727
6778
6778
6778
6778
6778
6778
6778
6835
6835
6835
6835
6835
6835
6835
6898
6898
6898
6898
6898
6898
6898
6989
6989
6989
6989
6989
6989
6989
7086
7086
7086