0
0
0
0
0
0
0
0
0
0
0
0
0
0
0
0
0
0
0
0
0
0
0
0
0
0
0
0
0
0
0
0
0
0
0
0
0
0
0
0
0
0
0
0
0
0
0
0
0
0
0
0
0
0
0
0
0
0
1
1
2
3
3
7
10
10
10
18
27
27
74
98
120
144
184
253
278
342
410
438
491
529
529
570
584
584
627
639
648
648
657
662
671
681
684
696
701
709
713
719
728
736
750
755
763
770
781
795
815
821
832
854
860
876
885
889
904
909
914
920
924
937
943
945
951
952
952
955
955
956
958
958
960
961
963
966
970
973
973
974
974
974
978
980
980
980
1016
1020
1020
1020
1035
1036
1046
1051
1051
1056
1059
1062
1074
1075
1075
1075
1081
1082
1082
1088
1093
1094
1097
1097
1099
1099
1099
1099
1099
1100
1102
1102
1104
1104
1105
1113
1122
1124
1124
1124
1136
1132
1132
1132
1134
1134
1136
1147
1152
1152
1152
1153
1153
1157
1158
1158
1158
1161
1161
1161
1165
1167
1167
1167
1167
1169
1172
1172
1172
1172
1173
1173
1173
1175
1175
1175
1176
1176
1176
1177
1177
1177
1177
1177
1178
1178
1178
1178
1178
1180
1180
1182
1182
1183
1183
1183
1188
1189
1193
1193
1194
1194
1194
1196
1196
1196
1197
1197
1198
1200
1200
1200
1200
1200
1201
1201
1201
1201
1202
1203
1205
1207
1209
1209
1210
1211
1212
1214
1215
1215
1215
1215
1215
1218
1218
1219
1220
1220
1221
1222
1222
1225
1226
1230
1242
1243
1246
1256
1263
1282
1289
1301
1307
1316
1327
1331
1335
1340
1351
1368
1381
1406
1419
1443
1472
1484
1516
1548
1586
1640
1640
1726
1789
1856
1894
1987
2078
2126
2160
2199
2258
2322
2361
2361
2506
2560
2612
2659
2724
2803
2876
2933
3005
3057
3110
3159
3208
3208
3323
3403
3437
3465
3465
3500
3634
3706
3747
3819
3877
3924
3969
3998
4058
4105
4132
4156
4204
4225
4249
4267
4308
4321
4353
4353
4407
4433
4474
4489
4516
4517
4537
4548
4565
4575
4589
4598
4612
4621
4643
4656
4665
4678
4690
4695
4702
4706
4715
4718
4725
4733
4733
4740
4740
4740
4740
4740
4740
4740
4740
4740
4740
4740
4740
4740
4822
4828
4835
4848
4853
4853
4857
4860
4865
4870
4904
4906
4911
4918
4918
4928
4939
4939
4964
4972
4972
4987
4987
5001
5001
5021
5021
5028
5041
5041
5048
5052
5058
5062
5072
5074
5081
5081
5081
5113
5116
5116
5131
5131
5140
5141
5143
5143
5158
5191
5204
5220
5224
5226
5228
5229
5251
5261
5286
5286
5286
5310
5313
5319
5322
5324
5325
5326