0
0
0
0
0
0
0
0
0
0
0
0
0
0
0
0
0
0
0
0
0
0
0
0
0
0
0
0
0
0
0
0
0
0
0
1
1
1
1
1
1
1
1
1
3
3
3
3
7
7
7
14
14
14
18
26
35
48
67
85
115
136
148
177
201
219
241
259
285
329
354
384
430
483
555
570
599
617
663
711
760
828
854
908
974
1081
1117
1170
1207
1225
1231
1259
1300
1326
1367
1386
1399
1421
1442
1465
1494
1506
1511
1518
1526
1539
1572
1586
1622
1642
1664
1674
1694
1723
1740
1762
1792
1817
1839
1858
1898
1921
1941
1978
1999
2014
2039
2077
2129
2164
2226
2315
2391
2492
2611
2790
2915
3025
3152
3239
3364
3538
3701
3895
4057
4157
4299
4482
4664
4820
5005
5106
5196
5311
5445
5595
5758
5906
6080
6209
6334
6454
6625
6787
6932
7046
7124
7244
7406
7572
7777
7975
8111
8197
8332
8530
8623
8786
9026
9153
9249
9412
9547
9669
9797
9934
10086
10213
10315
10503
10617
10754
10891
11054
11128
11202
11289
11399
11554
11754
11839
11942
12083
12217
12357
12515
12653
12739
12840
12970
13076
13194
13308
13458
13595
13673
13799
13914
14004
14163
14293
14330
14341
14455
14600
14762
14871
14998
15090
15127
15226
15293
15414
15555
15694
15791
15827
15925
16088
16274
16417
16557
16735
16780
16867
17049
17200
17343
17483
17629
17674
17786
17977
18138
18363
18602
18790
18873
19096
19413
19777
20163
20555
20937
21113
21193
21636
22170
22607
23201
23628
23788
24196
24836
25473
25991
26394
26954
27199
27827
28697
29558
30488
31572
32436
32997
33908
35097
36372
37499
38782
39760
40275
41222
42540
43835
44898
46062
47050
47636
48613
50015
51213
52449
53631
54743
55127
56164
57451
58608
59701
60723
61543
61878
62945
63890
65231
66330
67311
67968
68332
69452
69954
70883
72044
73025
73638
73851
74732
75597
76251
77134
77949
78305
78434
79190
79815
80407
80896
81425
81721
81804
82301
82794
83329
83743
83789
84024
84129
84709
85328
85494
85594
86150
86494
86597
87117
87590
87986
88389
88749
88938
88992
89392
89463
89817
90124
90471
90654
90717
91161
91555
91891
92193
92518
92693
92753
93160
93510
93882
94196
94599
94798
94871
95347
95736
96152
96518
96872
97052
97101
97456
97803
98174
98584
99031
99285
99408
99917
100632
101214
101762
102482
102787
103020
103746
104548
105269
106110
106832
107163
107479
108350
109262
110209
111077
112107
112646
112930
113929
115222
116438
117437
118736
119378
119828
120882
122227
123491
124910
126230
126938
127240
128511
130022
131424
132740
134134
134867
135167
136426
137728
138891
140065
141157
141844
142034
143162
144111
145001
145909
146733
147094
147229
147995
148618
149221
149710
150274
150588
150672
151122
151569
152002
152367
152581
152685
152747
152814
153137
153461
153694
153891
154026
154051
154222
154372
154494