0
0
0
0
0
0
0
0
0
0
0
0
0
0
0
0
0
0
0
0
0
0
0
0
0
0
0
0
0
0
0
0
0
2
2
4
4
4
6
6
6
12
15
16
16
16
16
16
18
18
18
19
19
22
22
24
39
48
48
52
55
66
84
99
109
131
152
167
179
192
210
231
252
277
298
331
371
419
457
484
546
599
727
813
910
1019
1069
1180
1266
1410
1508
1614
1716
1790
1905
1998
2049
2131
2274
2348
2447
2483
2568
2637
2735
2903
2958
3112
3224
3399
3573
3721
4019
4341
4625
5029
5186
5379
5671
6043
6370
6794
7257
7770
7770
8118
8373
9009
9820
10423
11437
12223
12799
13537
14316
15086
16016
16882
17486
18198
18887
19954
21071
22077
23481
24524
25269
26079
26818
27670
28566
29471
31076
32394
33536
34902
36034
36953
38150
39060
40070
41194
42555
43929
45106
46178
47735
48997
50207
51725
53614
54697
56015
58179
59568
61247
62574
64193
65504
66661
68400
69887
71547
72646
73791
74858
76005
77058
77904
78569
79159
79159
79159
79159
79159
79159
80286
80713
81067
81357
81580
81787
82050
82299
82531
82743
82924
83086
83226
83418
83606
83769
83769
83769
83769
84509
84652
84818
85005
85005
85005
85544
85722
85928
85928
86380
86380
86380
87072
87328
87590
87939
88337
88337
88337
89746
90222
90660
91196
91753
91753
91753
93475
94051
94711
95339
95907
95907
95907
97450
98057
98585
98585
98585
98585
98585
101270
101814
102648
103465
104129
104129
104129
105890
106575
107213
107776
108296
108296
108296
109953
110594
111033
111484
111837
111837
111837
112932
113354
113820
114434
114434
114434
114434
115734
116152
116528
116847
117167
117167
117167
118140
118503
118884
119186
119442
119442
119442
120389
120718
120718
121129
121360
121360
121360
122081
122356
122579
122579
122579
122579
122579
123484
123699
123908
124145
124329
124329
124329
124886
125115
125325
125490
125669
125669
125669
126240
126504
126719
126835
127019
127019
127019
127667
127931
128143
128236
128290
128290
128290
128472
128563
128633
128719
128867
128867
128867
129404
129584
129774
129888
130070
130070
130070
130608
130780
130944
131086
131264
131264
131264
131790
132011
132146
132317
132486
132486
132486
133044
133253
133407
133574
133728
133728
133728
134326
134524
134685
134856
135041
135041
135041
135674
135990
136187
136377
136622
136622
136622
137306
137592
137929
138206
138494
138494
138494
139362
139692
139989
140300
140588
140588
140588
141496
141808
142169
142527
142896
142896
142896
143955
144404
144831
145257
145257
145257
145257
146867
147423
148010
148558
149135
149135
149135
150800
151528
152364
153105
153838
153838
153838
156087
156883
158056
159218
160018
160018
160018
163157
164274
165480
166685
168005
168005
168005
171549
173029
174364
175633
176668
176668
176668
180031
181430
182693
183770
185278
185278
185278
188816
190270
191398
192326
193253
193253
193253
195807
196900
197802
198572
199344
199344
199344
201350
202137
202713
202713
202713