0
0
0
0
0
0
0
0
0
0
0
0
0
0
0
0
0
0
0
0
0
0
0
0
0
0
0
0
0
0
0
0
0
0
2
2
2
4
4
4
5
5
5
6
6
6
6
16
19
20
28
31
53
136
236
299
454
501
730
776
875
972
1063
1201
1373
1495
1597
1717
1938
2118
2421
2686
2818
3157
3766
4035
4263
4489
4695
5011
5230
5496
5837
6383
6919
7025
7638
8348
8418
9565
10076
11155
11940
12723
13328
13915
14612
15525
16817
18114
19103
20084
20941
22049
24073
24644
26435
28736
30334
32081
34336
35298
35788
38799
38799
40151
42125
43966
45898
48091
50694
52437
54601
56349
57705
59151
61227
64028
66457
69496
72460
76398
80463
85264
89249
93983
98943
103671
108317
113702
119536
125933
125933
132405
144478
148921
154760
160118
165062
171666
176617
181088
185034
188926
192970
195745
198883
202955
206512
209337
213470
217809
221896
221896
225283
231818
234509
237489
240848
243599
246351
248872
251625
253604
255769
257914
257914
261917
263496
265083
266096
267428
269191
270400
271887
273113
273113
274289
275225
276288
277402
278305
278305
279699
280461
280461
281136
281863
282645
283487
284121
284660
285191
285921
286674
287300
288047
289215
289215
289832
290445
290958
291588
292174
293261
293261
293711
294193
294638
295053
295372
295636
295849
296149
297014
297512
298025
298025
298903
299233
299659
300030
300371
300955
301481
302020
302424
303089
303634
304386
305031
305671
306304
306886
307418
308217
309015
309581
310275
310841
311516
312263
312806
313431
313984
314616
314616
315727
316351
316934
317595
318266
318932
319317
319848
320463
321218
321877
322452
323019
323452
324034
324744
325480
326216
327063
327895
328602
329375
330200
331108
332186
332993
333970
335093
336260
337573
338875
340251
341753
343189
344839
346476
348184
349992
352296
354461
356904
359032
361082
363380
365927
368665
371508
374173
376929
379883
382892
386198
389311
392356
395185
398024
400482
403311
406810
410072
413191
416499
420294
423179
426142
429280
432327
435056
438425
440787
443246
445977
448522
451494
454673
457288
458968
460672
462814
465070
467222
469482
471335
473309
475085
477240
479715
482178
484362
486634
488529
490476
492594
495075
497510
499517
502416
504293
506701
508824
511921
514338
516770
519291
521211
523011
524783
527146
528891
530818
532412
534041
535914
537477
539387
541031
543214
544813
546428
547648
549032
550540
551842
553128
554474
555511
556519
557591
559093
560363
561625
563029
564077
564077
565989
567261
568506
569846
571174
572334
573384
574580
575941
577482
578797
579973
581365
582528
583916
585435
587014
588728
590508
592100
593453
595239
597497
600198
602536
605200
607453
609964
612315
615810
619259
623135
626802
630471
633741
637042
640988
645356
649824
654591
659116
663200
667957
672931
678165
682888
687908
692231
696184
700188
705517
710829
715968
721018
725602
729920
734423
739818
745182
750158
756285
761437
766882
772381
778238
784108
790016
795627
800452
804939
810231
815711
820823
825519
829933
834146
837523
837523
841636
850131
854240
858026
861473
864557
867438
870703
873220