0
0
0
0
0
0
0
0
0
0
0
0
0
0
0
0
0
0
0
0
0
0
0
0
0
0
0
0
0
0
0
0
0
0
0
0
0
0
0
0
0
0
0
0
0
0
0
0
1
8
11
27
36
43
55
69
86
109
137
200
313
345
345
443
558
674
786
901
989
1181
1181
1317
1475
1673
1801
1988
2100
2249
2528
2752
2974
3234
3400
3472
3574
3751
4016
4210
4273
4467
4658
4821
5166
5338
5538
5779
6021
6021
6378
6532
6720
7090
7090
7197
7523
7731
7868
8070
8282
8448
8616
8783
8944
9118
9268
9449
9606
9726
9867
9977
10116
10267
10577
10926
11183
11447
11728
12131
12531
13018
13463
13837
14095
14609
15044
15463
16004
16425
16854
17233
17889
18586
19211
20059
21418
21422
21962
22597
23351
24274
25222
26030
26752
27314
28030
29037
29905
30658
31686
32785
33550
34463
35237
35995
36983
38149
39334
40291
41251
42216
43257
44332
45633
47173
48096
49243
50373
51408
52261
53468
54426
55153
55906
56817
57993
58864
60296
61442
62223
63269
64191
65256
66383
67453
68456
69424
70231
71418
72560
73651
74492
75394
76464
77377
78446
79402
80665
81940
82543
82790
83754
83855
84392
85480
86900
87485
88381
89082
89982
90624
91337
92065
92982
93552
94084
94914
95596
96305
97043
97578
98407
99042
99715
100330
101041
101745
102204
102832
103466
104138
104879
105601
106203
106810
107284
107990
108726
109431
110108
110555
111277
111853
112595
113342
113962
114653
115286
115919
116602
117300
118054
118841
119666
120313
120802
121296
122128
122883
123498
124107
124745
125181
125739
126435
127227
127866
128515
129200
129751
130422
131247
132045
132867
133598
134336
134915
135592
136024
136567
137760
138506
139527
140331
141302
142465
143352
144477
145309
146653
147667
148721
149833
151089
152289
153577
154783
155658
156930
158532
160287
161744
163453
164729
165806
167311
169339
171219
173607
175907
177719
179230
181166
182977
185424
187779
190585
193007
194619
196987
199947
203295
206310
209584
212339
214038
217202
220261
223674
226660
228724
231357
233705
238279
242744
246790
249733
251764
253736
256230
259770
264956
269091
273037
276772
279196
281353
285093
288408
291285
293592
296269
298019
299361
301534
303777
305752
307793
309851
311244
312158
313834
315400
316808
318253
319453
320379
321103
322201
323382
324489
325487
326464
327091
327654
328476
329367
330075
330985
331692
332179
332679
333251
333755
334463
335339
336037
336521
337087
337805
338701
339383
339781
340445
340915
341420
342019
342741
343281
343743
344477
344834
345236
345759
346301
346775
347226
347641
347919
348155
348580
349020
349505
350220
350665
350991
351213
351667
352082
352579
353017
353497
353839
354085
354604
355051
355499
355850
356073
356377
356556
356913
357277
357704
358098
358377
358611
358792
359121
359516
359830
360249
360597
360841
361044
361319
361678
361992
362358
362696
362967
363165
363533
363895
364218
364576
364844
365104
365299
365619
365975
366364
366762
367270
367656
367908
368368
368930
369455