0
0
0
0
0
0
0
0
0
0
0
0
0
0
0
0
0
0
0
0
0
0
0
0
0
0
0
0
0
0
0
0
0
0
0
0
0
0
0
0
0
0
0
0
0
0
1
1
1
5
5
6
6
6
8
9
11
11
13
18
22
22
27
37
41
52
56
59
64
65
69
77
92
96
104
113
115
119
124
129
133
134
147
159
161
174
199
202
206
208
208
213
213
223
228
228
228
239
239
266
333
370
396
415
431
440
462
563
689
713
724
737
740
754
759
778
786
788
829
833
836
838
850
862
865
877
884
900
917
964
986
995
1013
1070
1086
1087
1090
1135
1145
1187
1202
1230
1254
1261
1289
1296
1303
1308
1330
1336
1362
1379
1392
1422
1528
1569
1711
1942
2127
2191
2221
2260
2303
2349
2385
2427
2456
2502
2554
2638
2736
2820
2948
2980
3074
3198
3342
3457
3629
3721
3748
3817
4000
4113
4224
4328
4444
4548
4674
4866
5207
5338
5485
5644
5724
5852
6060
6375
6508
6705
6907
7234
7519
8018
8389
9022
9381
9791
10135
10606
11133
11817
12536
12974
13233
13602
14228
14872
15290
15873
16474
17105
17662
18338
19138
19959
20654
21871
22486
23353
24214
25026
25631
26512
27324
27817
28367
29298
30419
31113
32127
33015
33520
34260
34828
35571
36404
37226
37922
38684
39432
40101
40758
41799
42684
43452
44182
44715
45647
46435
47316
48275
48978
49675
50344
51197
51845
52596
53482
54015
54724
55452
56073
56819
57526
58259
59043
59594
60109
60557
61290
62050
62596
63185
63731
64156
64628
65258
65778
66481
66941
67589
67948
68497
69106
69653
70392
71065
71574
72099
72857
73639
74495
75058
75857
76476
77072
77891
78878
79517
80436
81131
81906
82424
83479
84482
85477
86499
87213
87920
88723
89421
90146
90958
92113
92913
93582
94223
95353
96209
97028
98296
99157
99789
100612
101544
102371
103329
103888
104162
104422
105374
106136
106958
107932
108349
108718
109073
109837
110796
111694
112856
113994
115026
115733
116535
117590
118592
119640
120789
121648
122160
122588
123359
124447
125518
126370
127081
127652
128366
129394
130163
130917
131886
132548
133227
133781
134482
135229
136023
136890
137603
138118
138945
139819
140797
141775
142598
143443
144042
145095
146216
147253
148622
149684
150731
151718
152658
153790
154904
156189
157603
158537
159474
160448
161530
162871
164310
165811
166969
168043
169860
171985
174013
175827
177593
179072
180014
181414
183348
185888
188493
190499
192599
194122
196112
198135
200823
202700
204704
206597
208655
210425
212691
214667
216278
217886
219393
221207
222663
224736
227116
229595
232142
233745
235292
237542
240141
242161
244528
244528
248364
250165
252443
255046
257706
260382
263134
265296
267082
269353
271814
274170
276865
279077
281023
282543
284453
286667
288974
291540
294233
296306
297789
299684
302061
304889
307457