0
0
0
0
0
0
0
0
0
0
0
0
0
0
0
0
0
0
0
0
0
0
0
0
0
0
0
0
0
0
0
0
0
0
0
0
0
0
0
0
0
0
0
0
1
1
6
7
11
11
15
28
38
43
86
117
145
234
234
318
363
395
416
480
580
635
671
852
950
1065
1323
1414
1595
1746
2281
2561
2954
4342
5256
5897
6848
7519
9784
10303
11475
12491
13489
14420
15628
16325
17837
19250
20914
21648
25331
27517
28699
31190
33931
36976
40459
42534
45928
47372
51189
54817
58526
61847
65015
67307
68822
72059
76306
80604
84495
88541
92273
94933
99483
104020
108769
111698
115754
119959
123979
129751
135905
141779
148285
155671
164476
170039
178165
178914
183198
187400
191758
196515
199696
203736
208823
214788
214788
220749
229736
232992
237156
240908
244388
247925
251338
254936
257447
260810
264689
268602
272364
275989
279419
282365
285213
288477
292004
295599
299080
302718
305703
309278
312911
316448
319646
322710
326326
330123
333867
337751
341586
345537
349500
353590
357681
362087
366550
371096
375961
375961
375961
389717
395005
400683
400683
407492
407492
428850
433100
439890
447624
455409
463875
463875
478024
483133
489680
489680
498555
516296
516296
525803
535946
541493
549321
558420
567059
576067
585236
594326
600438
607382
613378
621997
629961
639435
647166
652037
657129
657129
670145
676848
683702
689977
691575
696190
702776
710067
716670
722832
729619
733860
738020
744400
750098
756412
762865
768895
768895
776546
782695
794584
794584
800142
805302
808714
811768
814829
818297
821564
821564
828169
829999
832929
835662
838614
846088
849371
851171
853974
853974
859740
859740
862417
865549
868675
870876
874118
879876
879876
883116
888715
888715
890574
892497
894928
897594
900180
902503
902503
902503
911787
914722
914722
917503
920010
922333
923527
925431
928006
930237
932650
934899
937011
938268
939931
939931
943917
948081
948081
949670
950557
952439
952439
956347
960368
962530
962530
963605
963605
967075
967075
970860
972688
973912
973912
976621
979111
979111
980943
980943
984973
986130
986130
989457
989457
989457
995899
997517
998475
1000153
1000153
1003982
1005546
1005546
1007657
1008908
1010496
1015137
1015137
1015137
1018099
1019475
1019475
1022018
1022018
1026180
1026180
1026180
1035184
1037350
1040231
1040231
1056023
1056023
1060567
1060567
1060567
1073214
1073214
1082907
1082907
1093938
1093938
1107239
1107239
1113970
1119685
1133022
1138239
1138239
1142716
1158337
1158337
1165052
1173045
1186698
1186698
1196778
1196778
1203502
1212309
1220748
1235298
1238501
1238501
1244729
1252137
1261804
1269523
1283309
1283309
1286757
1293497
1300799
1316363
1323863
1323863
1329805
1338297
1338297
1344969
1349847
1358294
1364964
1371176
1380023
1380023
1387457
1394571
1402610
1407963
1412406
1418974
1435598
1435598
1451645
1451645
1466326
1466326
1481259
1481259
1500465
1512384
1520973
1529882
1533121
1533121
1548807
1561723
1568345
1573961
1582367
1590209
1590209
1598593
1617864
1628519
1639767
1647694
1653320
1659707
1667737
1667737
1681063
1697626
1697626
1707787
1719088
1719088
1734606
1745655
1754150
1761575
1768186
1768186
1783339
1783339
1799445
1799445
1810998
1814127
1818689
1818689
1824457
1824457
1845056
1850290
1850290
1853370
1865639
1865639