0
0
0
0
0
0
0
0
0
0
0
0
0
0
0
0
0
0
0
0
0
0
0
0
0
0
0
0
0
0
0
0
0
0
0
0
0
0
0
0
0
0
1
1
5
5
11
16
22
31
49
68
103
119
177
238
251
355
425
536
634
749
901
1051
1221
1389
1638
1862
2055
2311
2554
2946
3383
3627
4102
4413
4848
5205
5575
5955
6356
6674
6934
7202
7582
7918
8379
8742
9287
9593
9856
10169
10511
10892
11273
11617
11902
12218
12640
12877
13105
13375
13693
14006
14431
14740
15047
15366
15651
15996
16326
16921
17204
17615
18016
18257
18529
18885
19268
19739
20143
20619
20931
21326
21631
22074
22473
22825
23155
23571
23786
24165
24395
24687
25048
25410
25986
26561
27160
27560
27842
28201
28577
29017
29392
29788
30195
30701
31015
31316
31620
31931
32227
32527
32821
33119
33395
33714
33907
34154
34393
34775
35146
35405
35719
35950
36155
36412
36689
36951
37216
37521
37891
38190
38457
38721
39054
39407
39746
40104
40383
40782
41162
41580
42038
42622
43065
43402
43904
44416
45031
45688
46346
46894
47469
48149
48789
49515
50324
51167
51791
52410
52961
53676
54487
55319
56090
56684
57279
57876
58611
59378
60281
61181
61762
62310
63073
63802
64689
65480
66239
66870
67372
67922
68517
69129
69820
70387
70824
71126
71526
71947
72453
73047
73650
74152
74529
75134
75734
76571
77328
78330
79240
79988
80699
81673
82809
84396
85980
87330
88636
89962
91514
93481
95773
98140
100074
102080
104316
107319
111599
116338
121638
125816
130210
135278
141804
149903
157608
167230
175766
183248
192539
202579
214686
228318
241946
253688
263929
280229
299049
319205
340834
362731
379902
395480
414844
439536
466679
493765
521640
546425
568138
593592
618813
641496
665547
691118
712972
733788
752940
772823
796798
819262
843475
861331
876333
909066
924422
941112
958416
973593
985075
990811
999924
1013747
1028610
1041846
1054273
1063449
1067870
1076180
1088346
1102096
1115201
1126700
1135676
1140572
1147446
1159901
1171854
1182864
1194110
1202700
1207333
1214525
1226883
1239998
1249079
1253957
1257799
1261010
1268634
1281414
1294878
1305774
1312780
1318562
1322947
1330543
1344763
1356882
1365645
1376389
1385522
1390385
1395779
1404905
1414362
1422320
1429612
1435582
1438914
1443804
1450747
1457755
1464448
1470879
1475445
1478119
1482722
1489512
1496665
1502810
1508674
1513385
1515889
1520215
1527016
1533511
1539564
1545530
1550255
1552686
1556685
1563645
1570658
1577036
1583621
1588955
1591497
1596673
1605372
1614446
1623218
1631727
1638767
1642658
1648962
1661109
1673252
1684788
1696885
1706986
1711772
1719708
1735406
1750659
1766490
1781345
1794914
1801083
1811036
1828313
1849424
1868297
1889360
1906632
1917527
1931921
1956974
1984248
2010244
2036700
2058550
2073129
2089869
2120671
2154821
2189966
2221725
2250991
2267964
2288826
2321717
2356970
2387511
2415584
2438542
2448463
2456709
2471617
2499507
2528006
2552898
2574631
2586647
2599850
2621116
2642242
2660088
2675874
2688025
2695327
2704571
2718493
2731256
2742122
2751632
2758856
2762323
2768034
2776927
2785353
2792142
2798617
2803233
2805756
2808052
2811951
2818378
2824425
2829196
2833052
2835083
2838180
2842339
2845762