0
0
0
0
0
0
0
0
0
0
0
0
0
0
0
0
0
0
0
0
0
0
0
0
0
0
0
0
0
0
0
0
0
0
0
0
0
0
0
0
2
2
5
8
13
20
30
30
41
59
59
112
169
245
331
448
448
785
1020
1280
1600
2060
2362
2995
3544
4268
5170
5962
6408
7443
8251
9034
9886
10524
11278
11730
12442
13141
13956
15472
15987
16585
16934
17448
18091
18841
19022
19685
20206
20863
21379
21982
22353
22797
23392
23864
24027
24322
24505
25045
25351
25190
25282
25524
25702
26182
26715
27268
27406
27581
27679
27913
28132
28319
28583
28810
29036
29209
29432
29660
29912
30200
30471
30623
30788
31007
31292
31596
31946
32203
32500
32700
32895
33261
33592
33969
34351
34693
34885
35306
35600
35910
36180
36463
36690
37036
37336
37672
38089
38464
38841
39133
39392
39737
40104
40415
40866
41189
41646
41912
42141
42454
42782
43156
43569
43897
44129
44416
44859
45277
45679
46221
46512
46818
47051
47426
47765
48077
48390
48636
48771
48898
49150
49379
49692
49955
50164
50299
50410
50613
50868
51072
51310
51463
51569
51681
51848
52061
52351
52537
52668
52825
52945
53223
53548
53783
53981
54102
54234
54448
54701
54992
55211
55452
55597
55720
55912
56274
56673
57074
57448
57768
58012
58243
58633
59051
59457
59943
60258
60507
60895
61541
62126
62813
63310
63983
64596
65021
65626
66396
67176
68025
68577
69200
69663
70465
71156
72055
72939
73604
74029
74717
75542
76396
77284
78247
79151
79885
80312
81256
82534
83928
85574
86664
87913
89121
91193
93294
95902
98055
99911
101860
103736
106271
109541
112440
116109
118686
121133
124432
128392
132616
137272
141279
144341
146847
149443
156940
161350
166900
173540
179324
183420
187237
192172
198011
204664
211266
217301
225672
230124
236015
243009
249498
255970
260758
264802
268721
274011
280394
285838
290706
294799
298061
300462
303846
307618
312553
318640
322474
325071
327976
332073
335207
340287
344700
348744
350938
353576
358296
362616
366952
370787
374121
376220
378656
383258
387636
391782
392996
394573
396666
400002
406051
413678
420629
423870
427254
431623
436579
446606
456533
466709
476187
483689
489293
496552
507108
517806
528469
539416
549801
556503
566958
581605
595149
609136
624469
636190
643113
653878
668951
685383
698583
711018
720516
726321
731861
740944
748858
755774
761906
765414
767919
770502
774889
778369
781223
784079
785756
787059
788561
790885
792829
794769
796339
797525
798074
799106
800586
801746
802773
803844
804562
804956
805647
806626
807456
808405
809412
810094
810459
811306
811948
812575
813152
813716
814257
814513
814897
815570
816055
816623
817080
817530
817778
818212
818787
819210
819698
820042
820407
820716
821104
821722
822314
822862
823142
823335
823494
824368
825031
825633
826327
826928
827494
827765
828173
828857
829358
829911
830560
831001
831221
831645
832255
832891
833397
833964
834442
834638
834991
835563
836033
836493
836947
837277
837457
837715
838102
838475
838852
839258
839582
839740
840008
840493
840929