0
0
0
0
0
0
0
0
0
0
0
0
0
0
0
0
0
0
0
0
0
0
0
0
0
0
0
0
0
0
0
0
0
0
0
0
0
0
1
3
3
7
8
8
8
8
15
18
24
262
262
320
337
401
439
439
452
460
470
481
494
501
526
537
549
562
590
634
693
781
835
949
1075
1325
1604
1832
2057
2210
2376
2512
2728
2979
3231
3428
3711
4103
4663
5008
5448
6015
6533
7141
7764
8525
9358
10287
11244
11921
12564
13409
14096
14872
15551
16191
17142
17972
18890
20201
21331
22520
23623
25149
26539
28272
29425
30972
32604
33969
35606
37097
38651
40481
42213
43714
45465
47207
48947
50914
52907
55262
56910
58433
60259
62160
63741
65495
67195
68790
70158
71879
73595
75071
76588
78416
79602
80876
82077
83174
84441
85462
86488
87369
88403
89579
90778
91838
92784
93663
94413
95106
96088
97003
97897
98653
99183
99799
100345
100945
101553
102110
102630
103128
103598
104016
104533
104983
105477
105898
106308
106648
107037
107430
107871
108244
108638
109036
109305
109597
109880
110153
110460
110695
110911
111107
111322
111538
111805
112092
112383
112650
112947
113262
113646
113938
114281
114532
114809
115080
115368
115661
115956
116224
116481
116765
117008
117266
117498
117742
117988
118196
118407
118575
118778
118994
119206
119420
119637
119864
120095
120348
120579
120846
121052
121287
121523
121740
121975
122214
122449
122693
122917
123146
123376
123604
123917
124175
124425
124650
124850
125084
125311
125533
125760
125959
126164
126339
126498
126692
126943
127181
127394
127600
127778
127985
128191
128405
128603
128803
128992
129227
129431
129671
129944
130210
130462
130711
130965
131170
131432
131689
131939
132150
132343
132556
132720
132917
133143
133370
133619
133811
134013
134203
134433
134663
134887
135132
135367
135570
135785
136028
136222
136441
136649
136888
137062
137229
137415
137642
137851
138066
138250
138477
138648
138833
139001
139256
139477
139643
139783
139908
140086
140203
140353
140516
140680
140827
140961
141121
141272
141417
141557
141716
141858
142001
142159
142308
142448
142605
142734
142903
143062
143222
143428
143621
143834
144042
144240
144437
144644
144852
145061
145271
145466
145672
145865
146068
146279
146480
146689
146885
147089
147277
147504
147729
148000
148258
148521
148772
149019
149296
149595
149933
150280
150621
150984
151335
151720
152095
152491
152898
153296
153690
154098
154525
155002
155453
155901
156351
156804
157244
158132
158138
158591
159053
159518
159967
160426
160889
161344
161803
162268
162737
163197
163664
164137
164600
165071
165546
166015
166475
166949
167417
167888
168361
168829
169284
169767
170252
170733
171212
171701
172200
172697
173206
173709
174228
174762
175332
175919
176521
177135
177774
178464
179184
179964
180804
181678
182548
183424
184334
185261
186201
187150
188100
189064
190025
190998
191979
192963
193952
194930
195757
196580
197476
198361
199180
199980
200778
201496
202201
202904
203599
204289
204976
205652
206302
206948
207592
208232
208877
209470
210070
210603
210992
211389
211732
212124
212423