0
0
0
0
0
0
0
0
0
0
0
0
0
0
0
0
0
0
0
0
0
0
0
0
0
0
0
0
0
0
0
0
0
0
0
1
1
3
3
3
3
3
4
6
9
9
15
15
25
45
49
89
123
131
158
184
260
277
308
367
433
576
794
906
1029
1292
1452
1815
2109
2245
2460
2738
3183
3613
3864
4057
4417
4761
5202
5467
5990
6300
6633
6879
7216
7707
8067
8418
8746
8936
9242
9710
10096
10417
10635
11036
11339
11616
11978
12240
12567
12732
13163
13512
13837
14107
14499
14811
15131
15362
15588
15778
16002
16247
16437
16704
16871
17036
17191
17387
17585
17712
17857
18070
18283
18429
18594
18791
18982
19133
19257
19398
19517
19669
19907
20103
20290
20479
20604
20749
20945
21182
21404
21679
21999
22165
22415
22760
23080
23400
23730
24045
24291
24505
24826
25286
25697
26022
26313
26582
26970
27296
27746
28166
28582
28973
29223
29620
30175
30789
31381
32079
32535
32948
33585
34226
35003
35802
36691
37458
38139
39133
40163
41275
42394
43678
44798
45902
47053
48235
49591
50886
52111
53186
54009
55241
56550
57895
59273
60623
61768
62547
63762
65177
66631
68046
69374
70461
71194
72208
73617
74963
76355
77544
78505
79330
80390
81646
83150
84468
85833
86785
87540
88593
89891
91256
92595
93864
95014
95897
97033
98304
99684
101075
102386
103495
104187
105298
107011
108690
110217
111550
112781
113589
114648
116415
118054
119683
121235
122673
123944
125414
127572
129658
132001
134065
135900
137491
139612
142570
145700
148886
152403
155283
157352
160461
164477
168490
172516
176468
180388
182854
186254
191102
196004
201032
205793
209648
212492
217216
222559
229040
235586
241339
246663
250704
258437
267088
276802
287062
296999
303751
306991
314295
324094
334236
343725
353185
360281
365212
373474
383743
393851
403123
412808
418645
422852
430605
440344
449349
457848
465982
471536
475362
479634
484550
492211
500273
508345
513576
517236
524675
532040
539107
545567
551900
556335
559587
565758
571749
577446
582786
587944
591294
593783
598792
604251
608561
612373
613760
615809
618429
623066
627941
632263
636201
637395
640429
643559
648288
654007
658958
663799
668202
671284
673271
676968
681392
684917
688270
691488
693644
695153
697898
700898
703776
706475
709194
711010
712561
715438
718612
721513
724250
726918
728743
730056
732732
735484
738152
740732
743343
745318
746637
749434
752482
755126
757676
760091
761963
763294
765970
768785
771843
774555
777276
779695
781329
784711
788048
791971
795732
799164
801994
804090
808040
812318
816589
820931
824995
828283
830563
835552
840116
845352
850362
855326
859709
862681
868799
874985
881159
886752
892848
897115
900858
907007
913143
919794
926310
932179
936618
940443
946647
952803
958918
964726
970224
974375
977986
983217
988624
993613
998555
1002865
1006167
1008490
1012373
1016449
1020301
1023565
1027039
1029304
1031072
1034003
1037009
1039998
1042521
1044722
1046264
1047520
1049539
1051779
1053629
1055265
1056572
1057655
1058337
1059331
1060895
1062527
1063949
1065254
1066111
1066731
1067887
1068817
1069770