0
0
0
0
0
0
0
0
0
0
0
0
0
0
0
0
0
0
0
0
0
0
0
0
0
0
0
0
0
0
0
0
0
0
0
0
0
0
0
0
0
0
0
0
0
0
0
0
0
0
0
0
1
1
1
1
1
1
1
1
1
1
1
1
1
1
1
1
1
1
1
2
3
7
7
7
8
8
12
12
12
12
12
12
12
12
12
12
12
12
12
13
13
14
14
14
15
15
16
16
16
16
16
17
17
17
17
17
17
17
17
17
17
17
17
17
17
17
17
18
18
18
18
18
18
18
18
25
26
26
26
26
26
26
26
26
26
27
27
27
27
27
27
27
27
27
29
29
29
29
29
29
29
29
29
29
29
29
29
29
29
29
29
29
29
29
29
29
29
29
29
29
35
35
35
35
35
35
38
44
50
50
52
52
52
52
52
52
52
52
52
54
54
55
55
55
56
56
56
56
57
57
57
57
57
57
57
57
58
58
58
58
58
58
58
58
58
58
60
60
60
60
60
61
61
61
61
61
61
62
62
62
62
64
64
64
64
64
64
64
64
64
64
64
64
64
64
64
64
64
64
64
64
64
64
64
64
64
64
64
64
64
64
64
64
64
64
64
65
67
67
67
68
68
68
73
73
73
73
74
74
74
74
74
75
75
75
75
76
76
76
76
76
76
77
77
78
78
78
78
83
83
84
84
84
84
84
84
84
84
85
85
85
85
85
85
87
87
87
87
87
87
90
91
94
94
98
98
98
100
100
100
100
104
104
107
108
108
108
109
109
109
113
115
121
121
122
124
124
133
149
149
149
225
249
249
284
284
340
450
450
478
494
602
602
690
690
720
738
746
746
827
827
896
896
901
901
1059
1059
1067
1170
1202
1269
1283
1283
1340
1370
1370
1418
1418
1453
1457
1462
1462
1494
1498
1503
1503
1511
1519
1519
1519
1556
1556
1628
1628
1645
1645
1645
1645
1663
1663
1663
1670
1674
1674
1680
1680
1680
1681
1681
1684
1692
1696
1696
1696
1696
1703
1715
1721
1723
1738
1739
1739
1748
1750
1754
1755
1758
1764
1765
1766
1774
1789
1790
1792
1806
1806
1812
1818
1819
1819
1819
1819
1819
1827
1827
1827
1830
1830
1839
1844
1850
1855
1864
1864
1882
1882
1882
1882
1889
1895
1912
1912
1922
1922
1926
1928