0
0
0
0
0
0
0
0
0
0
0
0
0
0
0
0
0
0
0
0
0
0
0
0
0
0
0
0
0
0
0
0
0
0
0
0
1
1
1
1
8
10
16
21
21
23
36
36
51
62
69
80
80
101
109
109
119
119
144
144
175
187
187
208
208
223
224
224
230
236
236
245
245
259
266
266
279
279
333
344
356
356
356
371
372
426
435
455
461
462
476
488
501
513
513
538
538
553
563
569
580
580
582
582
589
608
622
623
637
628
628
638
643
648
652
653
654
654
655
656
658
661
665
665
666
666
667
670
671
671
671
671
672
674
678
680
680
680
687
688
691
691
694
694
694
694
694
696
696
696
696
696
697
698
698
698
698
698
698
698
698
698
698
698
698
698
698
698
698
699
699
699
699
699
699
699
699
699
699
699
699
699
699
699
699
699
699
699
699
699
699
699
699
699
699
699
699
699
699
699
699
699
699
699
699
699
699
699
699
702
704
704
704
704
704
704
710
710
710
710
710
710
715
715
735
735
735
716
716
716
716
722
722
722
722
722
722
723
723
723
723
723
723
723
723
723
727
727
727
727
727
727
732
732
732
732
732
732
732
732
741
741
741
741
741
741
741
759
759
759
759
766
766
774
802
819
819
819
852
852
852
928
928
928
928
928
994
994
1043
1043
1043
1043
1114
1114
1190
1190
1253
1253
1253
1290
1290
1358
1358
1395
1395
1395
1428
1428
1492
1514
1554
1586
1586
1612
1650
1687
1714
1756
1789
1789
1800
1800
1834
1868
1908
1932
1932
1934
1982
2025
2049
2072
2107
2107
2135
2176
2205
2231
2231
2231
2231
2275
2333
2384
2428
2428
2428
2428
2493
2549
2549
2583
2628
2628
2628
2667
2706
2723
2737
2767
2778
2778
2787
2803
2815
2833
2861
2874
2874
2889
2915
2941
2969
2996
2996
3025
3025
3066
3094
3111
3111
3127
3127
3137
3187
3213
3247
3278
3278
3278
3317
3352
3394
3420
3440
3472
3472
3494
3538
3585
3621
3671
3716
3716
3746
3791
3829
3867
3896
3922
3922
3935
3984
4030
4062
4096
4126
4126
4151
4204
4249
4292
4328
4356
4356
4388
4432
4484
4484
4547
4603
4603
4631
4678
4730
4730
4775
4775
4775
4775
4864
4904
4932
4944
4956
4956
4962
4985
5004
5010
5016
5026
5026
5030
5040
5044
5045
5047
5047
5047
5055
5058
5059
5060
5066
5066
5066
5067
5067
5067
5067
5067
5067
5067
5083
5083
5083
5083