0
0
0
0
0
0
0
0
0
0
0
0
0
0
0
0
0
0
0
0
0
0
0
0
0
0
0
0
0
0
0
0
0
0
0
0
0
0
0
0
1
1
1
5
5
5
11
15
20
21
45
86
103
103
118
171
171
274
344
392
511
562
767
900
1012
1104
1203
1299
1453
1563
1720
1885
2039
2179
2402
2605
2795
2932
3287
3651
4033
4462
4934
5369
5862
6380
7142
8274
9362
10484
11631
12772
13930
15102
16299
17522
18811
20077
21402
22753
24097
25459
27011
28656
30251
31938
33731
35432
37136
39048
41014
42925
44830
46869
49176
52016
54752
57345
59854
62545
65077
67719
70161
72560
74795
76726
78541
80185
81766
83384
85261
87142
89011
91182
93157
95748
98869
101914
105283
108571
112288
116021
119942
123308
127541
132048
136315
141234
145991
150292
154233
157612
161005
164144
167267
170639
174577
178504
182493
186436
190823
194225
197608
201801
205929
209509
213716
217108
220144
223327
226486
229480
232259
235111
237803
240474
243238
245851
248416
250920
253349
255825
258156
260394
262772
264973
266941
268934
270831
272590
274219
275905
277478
278835
280093
281456
282824
284226
285793
287262
288690
289947
291468
293037
294519
295902
297315
298542
299914
301323
302686
303973
305186
306370
307479
308654
309768
310836
311855
312924
313911
314821
315772
316670
317486
318319
319141
319932
320688
321456
322237
323012
323720
324407
325050
325651
326258
326930
327551
328144
328720
329271
329754
330246
330798
331359
331857
332329
332790
333193
333648
334187
334605
335097
335578
335997
336387
336766
337243
337711
338132
338539
338944
339267
339615
340089
340590
341062
341495
341854
342202
342583
342968
343373
343774
344157
344552
344875
345232
345631
346047
346482
346880
347282
347656
348037
348510
348936
349386
349822
350229
350592
350984
351455
351849
352160
352601
352950
353255
353556
353918
354208
354527
354813
355034
355258
355489
355741
356067
356389
356691
356911
357128
357360
357623
357872
358102
358336
358526
358713
358922
359115
359274
359415
359583
359749
359888
360013
360155
360335
360516
360690
360848
361010
361178
361359
361536
361725
361903
362066
362220
362339
362488
362601
362741
362878
362979
363061
363155
363259
363377
363485
363582
363692
363809
363949
364096
364271
364440
364613
364753
364929
365099
365325
365563
365775
365988
366185
366371
366584
366807
367023
367276
367543
367813
368074
368329
368639
368945
369248
369575
369961
370278
370634
370987
371356
371720
372073
372410
372732
373046
373368
373702
374029
374366
374691
375006
375333
375668
376021
376377
376723
377061
377383
377700
378002
378333
378708
379092
379474
379831
380182
380572
380958
381348
381708
382059
382407
382752
383106
383499
383880
384271
384653
385020
385424
385834
386300
386782
387292
387794
388325
388866
389422
390007
390597
391325
392009
392682
393377
394169
394952
395854
396758
397636
398435
399277
400228
401157
402142
403106
404054
404970
405940
407010
408038
409093
410191
411263
412216
413174
414219
415281
416307
417363
418411
419348
420301
421300
422316
423406
424445
425442
426384
427370
428369
429389
430505