0
0
0
0
0
0
0
0
0
0
0
0
0
0
0
0
0
0
0
0
0
0
0
0
0
0
0
0
0
0
0
0
0
0
0
0
0
0
0
0
1
2
4
4
4
4
4
4
4
4
4
10
10
24
24
26
31
31
38
47
67
79
86
99
105
119
130
142
162
175
190
195
207
219
222
226
237
244
250
265
278
280
291
299
314
335
342
350
367
377
412
442
479
545
614
671
736
823
882
933
1024
1115
1182
1271
1329
1433
1492
1551
1634
1709
1886
1995
2105
2189
2310
2429
2480
2544
2617
2714
2812
2909
2976
3047
3130
3161
3253
3348
3429
3535
3645
3739
3836
3932
4021
4155
4249
4328
4427
4516
4640
4759
4851
4996
5090
5173
5247
5369
5475
5639
5783
5888
5970
6034
6129
6233
6354
6459
6586
6698
6793
6925
7054
7164
7272
7400
7478
7547
7657
7784
7882
8014
8135
8198
8243
8369
8481
8544
8669
8810
8948
8985
9121
9266
9422
9552
9681
9764
9805
9961
10106
10232
10284
10344
10386
10432
10538
10715
10887
11003
11175
11312
11380
11587
11740
11872
12032
12162
12237
12305
12446
12559
12689
12850
12949
13013
13056
13186
13294
13384
13456
13556
13611
13655
13743
13826
13881
13948
13987
14014
14044
14102
14150
14193
14237
14280
14306
14529
14568
14618
14645
14688
14714
14738
14759
14795
14816
14839
14869
14909
14919
14945
14982
15019
15051
15068
15094
15122
15141
15174
15190
15213
15244
15268
15292
15307
15331
15348
15368
15392
15418
15432
15459
15484
15508
15525
15543
15551
15565
15571
15582
15593
15605
15616
15630
15637
15640
15650
15668
15676
15693
15708
15711
15720
15735
15744
15755
15779
15793
15801
15806
15823
15835
15848
15865
15882
15897
15908
15927
15960
15981
16027
16075
16089
16107
16173
16217
16297
16397
16477
16553
16596
16665
16766
16893
17061
17075
17146
17216
17336
17451
17559
17670
17758
17879
17945
18043
18200
18369
18523
18609
18728
18806
18945
19140
19364
19511
19697
19803
19964
20156
20376
20672
21000
21245
21533
21685
21883
22178
22396
22738
23028
23224
23392
23642
23909
24209
24459
24727
24993
25127
25407
25711
25895
26213
26523
26927
27080
27365
27733
28106
28489
28760
29057
29245
29521
29914
30376
30641
31007
31275
31476
31771
32099
32378
32630
32927
33099
33242
33453
33741
34031
34255
34520
34732
34832
35037
35247
35468
35632
35857
35959
36039
36195
36371
36569
36726
36892
36996
37062
37254
37428
37541
37693
37833
37920
37958
38134
38255
38354
38456
38520
38566
38618
38705
38782
38889
38953
39024
39093
39127
39164
39237
39307
39364
39431
39465
39495
39560
39606
39664
39731
39782
39821
39836
39910
39975
40022
40082
40135
40166
40193
40249
40295
40344
40388
40433
40464
40492
40544
40578
40621
40665
40692
40714
40729
40762
40790