0
0
0
0
0
0
0
0
0
0
0
0
0
0
0
0
0
0
0
0
0
0
0
0
0
0
0
0
0
0
0
0
0
0
0
0
0
0
0
0
0
0
0
0
1
1
1
1
5
12
19
35
46
48
55
65
83
103
135
171
222
249
303
384
384
457
659
741
785
900
1060
1171
1476
1624
1908
2200
2447
2666
2867
3105
3380
3630
4054
4465
4873
5318
5690
5994
6318
6630
6890
7144
7276
7483
7779
8042
8275
8497
8724
9009
9009
9362
9464
9557
9677
9791
9848
9943
10032
10032
10176
10243
10295
10374
10438
10496
10610
10699
10733
10833
10919
11024
11092
11159
11193
11227
11275
11300
11354
11381
11412
11430
11454
11523
11571
11667
11741
11823
11896
11965
12031
12102
12175
12251
12310
12367
12426
12522
12616
12709
12803
12894
12990
13092
13235
13372
13565
13792
14046
14288
14564
14836
15195
15504
15829
16131
16420
16719
17076
17342
17728
18073
18360
18639
18983
19334
19717
20109
20498
20894
21253
21605
22031
22443
22852
22852
23730
24141
24520
24892
25213
25552
25882
26193
26451
26738
27033
27332
27608
27863
28099
28262
28497
28751
28998
29233
29471
29682
29782
29890
30048
30209
30378
30548
30657
30714
30820
30974
31099
31207
31282
31365
31406
31482
31581
31676
31772
31849
31905
31941
31994
32078
32136
32228
32300
32408
32437
32511
32613
32695
32757
32840
32908
32938
32999
33080
33163
33238
33312
33384
33414
33479
33551
33662
33735
33842
33901
33952
34072
34193
34344
34517
34685
34787
34854
35006
35251
35454
35719
35946
36160
36282
36608
37120
37536
38115
38872
39486
39827
40880
42208
43592
45137
46954
48403
49205
51083
53495
55676
57958
60635
62747
64065
66888
70424
73765
77264
81086
84568
87381
92375
97988
104097
110351
116125
121120
126187
133029
140608
148214
155994
163035
169214
175438
183437
191356
199158
206940
213843
219652
226209
234027
241831
249224
255758
261437
266432
271364
277248
282601
287730
292640
296528
300062
303747
307827
312253
316344
320167
323367
326060
328619
331755
334991
337923
339997
341904
343870
346585
349238
352120
353907
356125
356125
359689
361782
363924
366191
368072
369823
371216
372533
374111
375799
377445
379093
380802
382285
383603
385126
387206
389045
390637
392354
393897
395263
397002
398905
400837
402700
404668
406352
407881
409841
411855
413943
415943
417871
419493
420879
422210
424020
426487
429048
431680
434122
436640
439596
442853
446313
449901
453240
456450
459259
462728
466885
470941
474807
478878
482397
485439
489530
494106
498696
503291
507959
512051
516277
520911
526112
531558
536904
542209
546896
551128
555897
561372
566669
571895
571895
581617
585506
585506
595489
600596
605406
610232
614365
617669
621375
625773
629388
633013
636418
639476
642208
645173
648745
651899
654870
657716
660299
662368
664972
667937
670801
673520
675904
677972
679667
681654
683799
685937
687944
689557
690931
691920
693169
694473
695875
697241
698518
698518
700408
701326
702451
703497
703497