0
0
0
0
0
0
0
0
0
0
0
0
0
0
0
0
0
0
0
0
0
0
0
0
0
0
0
0
0
0
0
0
0
0
0
0
0
0
0
0
0
0
0
0
0
0
0
0
0
0
0
0
2
2
3
4
4
6
7
7
7
7
7
7
7
7
8
8
8
10
10
10
10
10
10
11
11
11
11
11
11
11
11
11
11
11
11
11
11
11
11
11
11
11
11
11
11
11
11
11
11
11
11
11
11
11
11
11
11
11
11
11
11
11
11
11
11
11
11
11
11
11
11
11
11
11
11
11
11
11
11
11
11
11
11
11
11
11
11
11
11
11
11
11
11
11
11
11
11
11
11
11
11
11
11
11
11
20
70
77
81
81
81
81
81
81
81
81
91
94
100
100
100
100
100
100
108
108
108
108
108
108
108
108
108
114
114
114
114
114
114
114
114
114
114
114
126
126
126
126
126
126
127
127
127
127
127
127
127
127
132
132
132
132
132
132
136
136
136
136
136
136
136
136
136
136
136
136
136
137
137
137
137
138
139
139
140
140
140
141
141
141
141
143
143
143
143
143
143
143
143
143
144
144
145
146
146
146
148
148
148
148
148
148
148
148
148
148
149
149
149
149
149
151
151
153
153
153
153
153
153
153
153
153
153
153
157
157
157
158
158
158
158
158
158
160
160
160
160
160
160
160
163
163
163
163
166
166
166
166
173
173
173
183
183
183
183
184
184
184
184
184
184
184
187
187
187
187
202
202
202
202
202
202
205
205
205
205
205
205
205
217
217
256
256
256
285
297
322
354
373
373
451
508
531
583
601
612
627
656
696
705
746
746
762
762
972
1033
1033
1069
1116
1129
1149
1162
1186
1205
1223
1243
1279
1289
1289
1504
1513
1575
1695
1695
1768
1802
1892
1892
1910
2058
2211
2280
2305
2328
2401
2464
2514
2562
2562
2592
2592
2618
2688
2849
2890
2928
2950
2979
2979
3000
3032
3032
3132
3173
3173
3315
3342
3354
3486
3566
3616
3770
3770
3798
3798
3882
3882
3996
3996
4084
4114
4114
4135
4135
4259
4290
4290
4320
4320
4332
4395
4395
4395
4430
4444
4633
4633
4765
4834
4875
4922
4976
5012
5016
5170
5206
5206
5284
5354
5354
5456
5559
5873
5873
5873
6373
6373
6373
6373
6373
6373
6373
8172
8172
8172
9184