0
0
0
0
0
0
0
0
0
0
0
0
0
0
0
0
0
0
0
0
0
0
0
0
0
0
0
0
0
0
0
0
0
0
0
0
0
0
0
0
0
0
0
0
0
0
0
0
0
0
0
0
0
0
0
0
0
0
0
0
0
0
0
0
0
0
0
0
0
1
2
2
2
4
6
6
6
7
7
8
8
10
10
11
13
15
26
30
35
43
50
61
64
82
82
93
93
104
104
124
136
155
166
178
199
225
231
257
291
307
338
338
387
408
447
462
505
519
534
570
585
606
621
707
735
754
782
812
829
852
861
865
896
909
914
929
946
969
1001
1025
1062
1085
1103
1132
1169
1176
1225
1249
1272
1298
1309
1327
1340
1347
1354
1354
1394
1410
1427
1450
1462
1498
1518
1524
1533
1542
1547
1572
1584
1598
1613
1618
1635
1642
1651
1668
1678
1688
1701
1711
1711
1727
1731
1752
1765
1768
1783
1783
1786
1803
1818
1823
1823
1843
1848
1855
1860
1877
1887
1895
1916
1917
1932
1937
1940
1947
1954
1956
1956
1959
1961
1969
1972
1980
1992
1997
2001
2003
2013
2013
2019
2022
2022
2028
2029
2035
2041
2041
2054
2055
2064
2067
2069
2087
2096
2109
2111
2126
2133
2133
2153
2159
2168
2168
2174
2183
2188
2199
2208
2215
2215
2222
2231
2238
2252
2259
2269
2269
2277
2287
2293
2295
2300
2306
2306
2309
2315
2323
2325
2327
2330
2331
2336
2337
2340
2343
2345
2346
2346
2350
2354
2362
2365
2366
2366
2366
2368
2369
2371
2373
2381
2381
2385
2386
2386
2387
2389
2391
2391
2391
2392
2397
2397
2399
2405
2405
2406
2406
2408
2409
2410
2410
2411
2412
2413
2416
2416
2420
2420
2426
2428
2428
2434
2435
2438
2440
2440
2445
2451
2460
2464
2486
2497
2509
2509
2518
2524
2531
2549
2549
2560
2560
2569
2583
2611
2635
2646
2673
2673
2724
2739
2757
2782
2803
2834
2846
2864
2887
2933
2959
2970
3006
3014
3030
3030
3081
3093
3120
3139
3173
3194
3236
3282
3382
3528
3593
3634
3660
3699
3728
3759
3772
3785
3789
3801
3803
3813
3817
3821
3821
3823
3825
3825
3829
3841
3849
3855
3857
3862
3880
3884
3884
3887
3887
3887
3889
3900
3900
3909
3918
3920
3921
3922
3928
3932
3934
3937
3937
3938
3939
3942
3947
3947
3948
3948
3948
3949
3953
3953
3962
3962
3970
3970
3970
3980
3981
3987
3987
3988
3989
3990
3993
3993
3995
3995
4005
4008
4009
4013
4016
4016
4020
4028
4038
4041
4042
4044
4044
4044
4044
4046
4046
4049
4053
4054
4057
4062
4062
4068
4068
4068
4068
4068
4068
4089
4089
4089
4096