0
1
3
3
4
5
7
7
10
13
16
18
18
24
28
28
30
33
40
45
47
50
58
67
72
75
77
81
84
84
85
85
89
89
91
93
93
93
102
106
108
110
110
117
130
138
150
150
160
178
178
200
212
226
243
266
313
345
385
432
455
509
558
631
683
732
802
844
879
926
1000
1049
1114
1189
1309
1375
1481
1623
1910
2108
2299
2532
2918
3252
3699
4427
5050
5992
6588
8014
9125
10141
11178
12075
12693
13624
14423
14951
15641
16169
17101
17548
18205
18778
19410
20198
20939
21707
22460
23336
23822
24671
25346
26098
26891
27356
28038
28343
28794
29364
29812
30426
31068
31616
31960
32343
32876
33249
33860
34366
34884
35292
35836
36405
36922
37183
37527
37910
38296
38514
38965
39387
39850
40197
40604
40818
40969
41216
41473
41615
41833
42095
42313
42432
42623
42736
42955
43246
43459
43661
43907
44122
44310
44479
44664
44800
44983
45140
45298
45423
45614
45783
45961
46283
46630
46878
47126
47453
47655
47912
48035
48434
48744
49098
49375
49888
50369
50838
51197
51531
51809
52205
52512
52825
53051
53346
54254
54555
54797
54929
55104
55292
55353
55395
55497
55580
55661
55747
55838
55938
56031
56099
56216
56266
56353
56404
56435
56495
56572
56666
56717
56771
56812
56852
56860
56908
56948
56982
57022
57044
57091
57166
57229
57315
57357
57406
57454
57488
57514
57532
57543
57558
57576
57606
57627
57639
57654
57665
57685
57700
57715
57742
57765
57784
57794
57800
57812
57819
57830
57840
57849
57859
57866
57876
57880
57884
57889
57892
57901
57904
57911
57915
57921
57933
57941
57951
57965
57970
57973
57980
57987
57994
58003
58015
58019
58020
58029
58036
58043
58047
58054
58056
58064
58073
58091
58102
58114
58116
58119
58124
58130
58135
58139
58143
58148
58160
58165
58183
58190
58195
58199
58205
58213
58218
58228
58230
58239
58242
58255
58260
58273
58285
58291
58297
58305
58313
58320
58325
58341
58353
58377
58386
58403
58422
58432
58461
58482
58495
58509
58519
58524
58529
58542
58569
58599
58629
58662
58697
58721
58749
58780
58813
58836
58865
58907
58929
58946
58984
59029
59059
59083
59113
59127
59157
59197
59235
59250
59260
59308
59352
59366
59391
59425
59449
59507
59536
59565
59584
59602
59624
59649
59675
59699
59721
59732
59747
59759
59777
59786
59800
59809
59810
59821
59832
59846
59858
59869
59879
59883
59890
59900
59913
59925
59936
59948
59956
59979
59998
60007
60020
60033
60046
60052
60062
60070
60080
60088
60105
60117
60128
60137
60152
60167
60184
60196
60208
60221
60236
60253
60265
60288
60300
60321
60347
60381
60407
60450
60468
60478
60495
60519
60554
60575
60601
60633
60653
60678
60692
60719
60735
60769
60808
60831
60851
60865
60880
60904
60943
60966
61006
61051
61063
61086
61121
61145
61179
61218
61235
61252
61268
61286
61311
61331
61359
61378
61403
61419
61453