0
0
0
0
0
0
0
0
0
0
0
0
0
0
0
0
0
0
0
0
0
0
0
0
0
0
0
0
0
0
0
0
0
0
0
0
0
0
0
0
0
0
0
0
1
1
3
3
7
10
16
32
44
54
63
72
105
123
137
178
185
186
204
216
226
269
292
314
336
363
400
426
450
471
485
534
581
682
701
715
728
742
769
835
863
977
1049
1089
1161
1173
1199
1244
1325
1360
1373
1379
1381
1384
1391
1396
1403
1407
1408
1413
1421
1429
1445
1455
1455
1457
1457
1465
1469
1477
1480
1493
1494
1495
1495
1496
1502
1503
1504
1509
1511
1513
1515
1520
1520
1521
1521
1522
1522
1525
1526
1526
1528
1528
1530
1531
1533
1541
1542
1545
1548
1552
1552
1561
1562
1576
1586
1587
1588
1589
1607
1630
1643
1657
1664
1665
1667
1687
1700
1720
1749
1764
1765
1767
1798
1851
1870
1893
1901
1902
1908
1927
1951
1965
1976
1979
1980
2021
2058
2089
2118
2141
2179
2181
2204
2245
2265
2292
2337
2344
2354
2368
2417
2480
2523
2566
2596
2599
2615
2690
2739
2801
2855
2902
2907
2922
3022
3102
3225
3316
3356
3424
3452
3536
3626
3728
3842
3876
3917
3989
4042
4163
4300
4526
4614
4636
4727
4888
5066
5252
5453
5532
5580
5768
5860
6021
6256
6546
6677
6756
6931
7269
7629
8048
8600
9078
9343
9574
10141
10938
11617
12321
13139
13492
13812
14689
15726
16910
18797
19851
20355
20886
22296
24225
26300
28268
29835
30695
31400
33602
35330
37911
40801
43843
45155
46056
48943
51728
55091
57664
59946
61829
63556
66772
68734
71088
73667
75495
76072
77123
79181
81772
83796
85567
86767
87276
88602
89913
91578
93396
95257
96241
96472
97493
99304
101257
103106
104632
105733
105929
107183
109226
111208
113392
115462
116731
117283
119232
121796
124921
127087
130794
132984
133489
135523
139088
142133
146124
149275
151336
152555
155218
158905
161562
165608
166649
167523
168092
170187
173228
179543
184508
186244
187463
188099
191088
196047
198184
201164
205236
208209
209069
211479
215055
217978
220707
222752
223325
224385
226294
228778
231242
233027
234571
236476
237027
238617
241392
243427
246008
248190
249913
250357
252094
254826
256903
259533
261774
263326
264083
265807
268986
271473
273904
276234
277682
278254
279696
282864
285419
287752
290457
292143
292792
294790
298337
300775
303420
306268
308083
308925
311002
314359
317159
319582
322104
323390
323786
325993
329593
331571
333872
336235
337503
337960
339538
342430
344470
346149
347944
348869
349270
350551
352528
354182
355454
356985
357910
358115
359330
361185
362489
363874
364622
365242
365400
365733
366894
368470
369393
370473
371062
371168
372038
373107
373950
374586
375336
375974
376067
376709
377473
378150
378635
379476
379911
380010
380498
381180
381744
382211
382720
383098
383228
383609
384317
384660
385022
385395
385475
385786
386136
386540
386868