0
0
0
0
0
0
0
0
0
0
0
0
0
0
0
0
0
0
0
0
0
0
0
0
0
0
0
0
0
0
0
0
0
0
0
0
0
0
0
0
0
0
0
2
7
7
16
16
31
57
89
141
181
219
253
275
275
286
341
383
414
442
480
528
562
632
684
730
756
802
841
897
934
977
997
1021
1059
1091
1124
1160
1188
1205
1212
1220
1248
1268
1304
1317
1330
1335
1344
1353
1366
1373
1388
1396
1402
1408
1418
1429
1434
1439
1439
1439
1445
1448
1449
1450
1454
1457
1460
1461
1463
1464
1465
1465
1466
1466
1467
1468
1468
1468
1468
1468
1469
1469
1471
1473
1473
1473
1473
1473
1475
1477
1477
1479
1484
1485
1485
1486
1488
1488
1490
1492
1495
1496
1499
1503
1511
1513
1519
1520
1521
1534
1541
1547
1558
1572
1581
1585
1600
1613
1634
1650
1679
1700
1716
1739
1763
1776
1793
1827
1841
1849
1859
1878
1897
1916
1940
1946
1953
1977
2006
2033
2052
2066
2082
2087
2101
2115
2139
2156
2171
2180
2181
2190
2208
2223
2233
2247
2249
2255
2272
2303
2332
2369
2401
2416
2429
2456
2493
2536
2574
2617
2651
2665
2686
2722
2755
2797
2834
2865
2883
2924
2979
3032
3079
3122
3165
3190
3232
3312
3389
3497
3603
3702
3749
3831
3954
4058
4195
4309
4420
4470
4558
4694
4816
5007
5191
5350
5388
5487
5690
5865
6103
6330
6498
6673
6764
7120
7507
7872
8252
8663
8832
9231
9938
10683
11517
12416
13142
13679
14473
15982
17646
19307
21274
22950
24080
25603
28215
30705
32503
34307
35649
36206
37382
39408
41094
42658
44270
45161
45625
46717
48939
50870
52385
54122
55042
55544
56937
58964
61034
62580
64284
65308
65778
67080
69306
71073
72674
74257
75381
75814
77135
79566
81349
83133
84775
85805
86288
87936
90075
91922
93737
95481
96314
96745
98281
100401
102043
103555
105013
105899
106294
107805
109934
112021
113815
114184
114806
115327
117305
119740
122152
123950
124343
125086
125858
128370
131724
134545
136629
138518
139281
139713
141587
143679
145472
147016
148556
149125
149424
151137
152851
154306
155752
157293
157830
158131
159812
161662
163235
164529
165887
166473
166836
168486
170101
171340
172299
173201
173702
174000
174364
175795
177140
178133
179148
179477
179780
180520
181606
182484
183396
184352
184767
185014
185916
187005
187762
188676
189627
190081
190324
191056
192266
193285
194165
195086
195468
195678
196421
197374
198234
199004
199854
200374
200579
201497
202573
203544
204482
205509
206026
206317
207298
208588
209753
210785
212040
212678
212966
214045
215602
216939
218114
219420
220141
220425
220698
221890
223416
224699
225950
226499
226786
227836
229076
229967
230826
231593
232071
232311
233031
234067
234811
235711
236613
237028
237219
238023
238421
239339
240292
241309
241672
241883
242777
243719
244556
245159
245793
246082
246231
246725
247449
248046