0
0
0
0
0
0
0
0
0
0
0
0
0
0
0
0
0
0
0
0
0
0
0
0
0
0
0
0
0
0
0
0
0
0
0
0
0
0
0
0
0
0
0
0
0
0
0
0
0
0
0
0
0
0
1
1
1
1
1
1
1
1
1
1
2
3
3
3
3
5
5
5
7
7
7
7
8
12
12
21
21
25
60
60
80
80
116
135
164
237
286
286
328
328
390
436
480
528
582
601
601
671
722
756
835
873
928
928
997
1054
1089
1170
1219
1284
1284
1357
1421
1455
1502
1573
1594
1594
1594
1594
1689
1711
1731
1828
1828
1916
1976
2023
2089
2146
2204
2204
2289
2334
2368
2416
2452
2513
2513
2579
2618
2642
2658
2696
2719
2719
2755
2779
2812
2812
2835
2878
2878
2878
2894
2904
2924
2924
2944
2944
2961
2997
3006
3015
3028
3038
3038
3051
3059
3072
3076
3083
3106
3106
3111
3119
3130
3135
3161
3171
3171
3178
3178
3196
3212
3212
3212
3212
3212
3220
3220
3220
3227
3227
3227
3227
3227
3227
3227
3227
3227
3250
3250
3256
3257
3257
3265
3265
3265
3269
3269
3269
3275
3275
3275
3275
3310
3310
3310
3310
3310
3310
3332
3332
3362
3362
3371
3371
3371
3376
3376
3389
3389
3390
3390
3390
3390
3401
3442
3465
3465
3465
3465
3465
3588
3588
3588
3588
3588
3593
3593
3593
3745
3745
3745
3745
3745
3745
3847
3864
3864
3864
3864
3864
3864
3864
3864
3890
3890
3890
3897
3897
3897
3941
3941
3941
3941
3941
3941
3941
3941
3941
4229
4229
4229
4229
4229
4229
4301
4301
4301
4301
4301
4301
4301
4301
4382
4382
4382
4382
4382
4445
4445
4445
4445
4451
4451
4451
4451
4451
4451
4525
4525
4525
4525
4525
4579
4579
4579
4579
4579
4579
4579
4579
4579
4579
4662
4662
4662
4662
4662
4690
4690
4690
4690
4690
4690
4690
4690
4714
4714
4714
4714
4714
4714
4714
4726
4726
4726
4726
4726
4726
4726
4726
4744
4744
4744
4744
4744
4744
4744
4744
4744
4754
4754
4754
4754
4754
4784
4784
4784
4784
4784
4784
4814
4814
4814
4854
4862
4862
4862
4935
5013
5075
5092
5183
5273
5373
5500
5632
5632
5889
6017
6246
6246
6549
6687
6687
6991
7257
7392
7518
7727
7850
7850
8041
8321
8438
8577
8713
8820
8820
8946
9190
9328
9437
9600
9600
9925
9968
10085
10214
10369
10369
10664
10664
10838
10977
11164
11292
11398
11499
11499
11504
11783
11908
11978
11978
12271
12271
12271
12406
12566
12566
12837
12837
12837
12837
13079
13324
13324
13459
13459
13459
13459
13670
13812
13915
13915
13915
13915
13915
13915
13915
14121
14121
14368
14368
14415
14415
14415
14486
14486
14486