0
0
0
0
0
0
0
0
0
0
0
0
0
0
0
0
0
0
0
0
0
0
0
0
0
0
0
0
0
0
0
0
0
0
0
0
0
0
0
0
0
0
0
0
0
0
0
0
0
0
0
0
0
0
0
0
0
0
0
0
0
0
0
0
0
0
0
0
0
0
0
0
0
0
1
1
2
2
3
4
4
4
4
4
4
4
4
4
4
4
4
4
5
5
5
6
6
34
34
35
45
45
46
46
52
58
74
120
120
120
156
194
203
203
236
236
290
290
290
290
481
563
655
655
806
806
994
994
994
994
994
994
994
994
994
994
994
1317
1604
1604
1604
1670
1670
1693
1693
1693
1776
1813
1830
1864
1882
1892
1916
1930
1942
1942
1942
1942
1989
1989
2007
2021
2021
2021
2021
2021
2021
2021
2021
2021
2021
2021
2021
2148
2148
2153
2171
2191
2191
2200
2211
2211
2211
2239
2258
2258
2262
2305
2305
2322
2322
2322
2352
2429
2429
2437
2437
2450
2450
2463
2470
2470
2472
2477
2478
2482
2488
2489
2490
2490
2494
2494
2497
2497
2499
2504
2507
2510
2514
2518
2519
2519
2527
2527
2532
2533
2536
2544
2544
2545
2552
2555
2555
2568
2578
2578
2587
2592
2594
2599
2609
2642
2642
2649
2660
2664
2669
2676
2676
2686
2692
2700
2704
2704
2715
2715
2726
2726
2734
2748
2749
2761
2761
2777
2787
2798
2798
2807
2817
2817
2842
2847
2847
2870
2872
2876
2878
2883
2883
2890
2890
2903
2903
2905
2926
2926
2940
2943
2943
2943
2943
2943
2960
2960
2960
2960
2980
3003
3003
3012
3016
3016
3016
3016
3047
3047
3047
3047
3073
3092
3104
3104
3109
3109
3111
3118
3154
3154
3166
3181
3181
3181
3181
3181
3181
3206
3206
3206
3222
3222
3222
3228
3228
3228
3234
3234
3455
3455
3455
3455
3490
3491
3511
3540
3558
3558
3558
3558
3589
3589
3589
3589
3589
3589
3649
3662
3670
3670
3670
3670
3670
3693
3703
3762
3773
3788
3788
3788
3788
3788
3788
3788
3929
3929
3929
3929
3929
3929
3929
4267
4355
4355
4355
4609
4804
4960
4960
5134
5310
5413
5562
5710
5922
6084
6277
6417
6583
6931
7098
7224
7349
7597
7771
7926
8010
8144
8305
8414
8527
8677
8766
8870
8870
8870
9205
9334
9429
9490
9554
9613
9694
9768
9809
9849
9879
9890
9919
9969
10048
10048
10079
10098
10119
10119
10165
10197
10219
10255
10267
10281
10286
10297
10324
10340
10359
10372
10381
10387
10403
10416
10432
10432
10473
10473
10478
10486
10504
10515
10515
10532
10538
10553
10553
10567
10583
10583
10583
10602
10613
10613
10620
10637
10637
10637
10641
10641
10641
10641