1
1
2
2
3
4
4
4
4
11
12
15
15
16
19
23
24
24
25
27
28
28
28
28
28
29
30
31
31
104
204
433
602
833
977
1261
1766
2337
3150
3736
4335
5186
5621
6088
6593
7041
7314
7478
7513
7755
7869
7979
8086
8162
8236
8320
8413
8565
8652
8799
8961
8961
9037
9137
9241
9332
9478
9583
9661
9786
9887
9976
10062
10156
10237
10284
10331
10384
10423
10450
10480
10512
10537
10564
10591
10613
10635
10653
10661
10674
10683
10694
10708
10718
10728
10738
10752
10761
10765
10774
10780
10793
10801
10804
10806
10810
10822
10840
10874
10909
10936
10962
10991
11018
11037
11050
11065
11078
11110
11122
11142
11165
11190
11206
11225
11265
11344
11402
11441
11468
11503
11541
11590
11629
11668
11719
11776
11814
11852
11902
11947
12003
12051
12085
12121
12155
12198
12257
12306
12373
12421
12438
12484
12535
12563
12602
12653
12715
12757
12800
12850
12904
12967
13030
13091
13137
13181
13244
13293
13338
13373
13417
13479
13512
13551
13612
13672
13711
13745
13771
13816
13879
13938
13979
14092
14150
14175
14203
14251
14269
14305
14336
14366
14389
14423
14456
14499
14519
14562
14598
14626
14660
14714
14770
14873
15039
15318
15515
15761
16058
16346
16670
17002
17399
17665
17945
18265
18706
19077
19400
19699
19947
20182
20449
20644
20842
21010
21177
21296
21432
21588
21743
21919
22055
22176
22285
22391
22504
22657
22783
22893
22975
23045
23106
23216
23341
23455
23516
23611
23661
23699
23812
23889
23952
24027
24091
24164
24239
24353
24422
24476
24548
24606
24703
24805
24889
24988
25035
25108
25199
25275
25333
25424
25543
25698
25775
25836
25955
26043
26146
26271
26385
26511
26635
26732
26807
26925
27050
27195
27284
27427
27553
27653
27799
27942
28133
28338
28546
28769
28998
29311
29654
30017
30403
30733
31004
31353
31735
32318
32887
33375
33824
34201
34652
35163
35703
36332
36915
37546
38161
38755
39432
40098
40786
41736
42766
43484
44364
45442
46453
47515
48570
49665
50591
51460
52550
53533
54770
55902
56872
57680
58725
59773
60740
61769
62593
63244
64264
64979
65818
66686
67358
67999
68664
69114
69651
70212
70728
71241
71820
72340
72729
73115
73518
73918
74262
74692
75084
75521
75875
76429
76926
77395
77850
78205
78508
78844
79311
79762
80131
80524
80896
81185
81487
81930
82434
82837
83199
83525
83869
84325
84946
85567
86128
86574
86992
87324
87681
88120
88516
88922
89321
89676
90031
90372
90816
91240
91638
92055
92471
92817
93263
93733
94198
94686
95176
95635
96017
96380
96849
97294
97757
98209
98665
99075
99421
99846
100276
100770
101275
101757
102141
102582
103088
103639
104194
104736
105279
105752
106230
106898
107598
108269
108945
109559
110146
110688
111419
112117
112789
113444
114115
114646
115195
115926
116661
117458
118243
118887
119387
119898
120673
121351
122007
122634
123240
123728
124269
124945
125519
126044
126745
127309
127772
128283
128918
129633
130380