0
0
0
0
0
0
0
0
0
0
1
1
1
1
1
1
1
1
2
2
2
2
2
2
2
2
2
2
2
2
2
2
2
2
6
13
15
32
45
84
120
165
222
259
400
500
673
1073
1695
2277
2277
5232
6391
7798
9942
11748
13910
17963
20410
25374
28768
35136
39885
49515
57786
65719
73235
80110
87956
95923
104118
112065
119199
126168
131646
136675
141942
148220
153222
158273
163027
166831
170099
172541
177644
184948
190839
191726
198674
200210
204178
208389
213024
202990
205905
207634
209465
210773
212917
213435
215216
216582
217466
218011
219329
220325
221447
222857
223578
224350
227436
228030
228691
229540
230183
230698
230698
231606
232037
232555
233037
234824
235290
235772
235400
236259
236259
237906
238564
239228
239479
239638
239932
240326
240660
240978
241310
241550
241717
241966
242280
242707
243209
243605
243928
244109
244328
244683
245268
245575
245938
246272
246504
246752
247086
247486
247905
248469
248770
248970
249271
249659
250103
250545
250545
250545
251789
252130
252513
253056
253908
253908
253908
255953
256619
257494
258855
260255
260255
260255
264836
266194
267551
270166
272421
272421
272421
278782
280610
282641
285430
288522
288522
288522
297054
302814
305767
309855
314362
314362
314362
322980
326612
329784
337334
342813
342813
342813
359082
364196
370867
377906
386054
386054
386054
405436
412553
419849
429507
439286
439286
439286
462858
470973
479554
488513
498989
498989
498989
525549
534513
543379
554143
566326
566326
566326
593730
603167
614360
625651
640040
640040
640040
671468
682267
693556
704209
716481
716481
716481
748266
748266
769188
778607
789932
789932
789932
813412
825410
835901
848324
861112
861112
861112
888968
896086
908056
921374
936560
936560
936560
974449
988322
1005295
1026281
1046132
1046132
1046132
1098320
1116738
1136503
1160083
1185678
1185678
1185678
1240697
1259366
1284408
1306316
1328832
1328832
1328832
1381218
1381218
1417709
1437220
1458591
1458591
1458591
1496864
1510023
1525341
1541574
1556730
1556730
1556730
1582616
1594844
1605066
1617355
1628208
1628208
1628208
1648187
1656444
1665775
1675902
1684647
1684647
1684647
1702328
1702328
1712101
1720056
1730575
1730575
1730575
1751884
1762212
1773290
1785421
1797236
1797236
1797236
1819249
1829903
1842289
1854951
1854951
1854951
1854951
1879413
1893502
1910218
1928265
1928265
1928265
1928265
1958844
1982544
1982544
2024904
2050360
2050360
2050360
2111782
2137220
2176089
2211967
2252164
2252164
2252164
2336451
2370742
2412318
2456675
2499560
2499560
2499560
2593382
2629817
2670102
2705001
2743119
2743119
2743119
2822805
2851869
2883465
2913425
2941990
2941990
2941990
2989085
3005487
3023601
3041454
3056035
3056035
3056035
3086286
3096343
3107172
3121687
3133122
3133122
3133122
3153971
3161432
3170644
3180212
3188553
3188553
3188553
3204531
3130184
3136321
3142358
3149012
3149012
3149012
3160970
3164982
3172101
3178356
3183704
3183704
3183704
3195062
3200024
3206116
3212332
3212332
3212332
3212332
3228803
3234319
3234319
3247738
3255324
3255324
3255324
3270825
3275819
3284353
3291394
3291394
3300965
3300965
3311325
3317948
3326736
3336637
3347512
3347512
3347512
3370256
3376548
3387022
3396685
3407283
3407283
3407283
3428354
3428354
3446072
3456886
3468617
3468617
3468617
3488469
3496134
3504799
3514942
3524077
3524077
3524077
3540430
3544945
3551262
3559222
3567408
3567408
3567408
3581392
3586333
3592751
3598452