0
0
0
0
0
0
0
0
0
0
0
0
0
0
0
0
0
0
0
0
0
0
0
0
0
0
0
0
0
0
0
0
0
0
0
0
0
0
0
0
0
0
0
0
0
0
0
0
0
0
0
0
1
1
1
1
1
1
4
4
5
5
7
8
8
8
8
8
8
9
10
10
10
10
10
10
10
10
10
10
10
10
10
10
10
10
10
10
10
10
10
10
10
10
10
10
10
10
10
10
10
10
10
10
10
10
10
10
10
10
10
10
10
10
10
10
10
11
11
11
11
11
11
11
11
11
12
12
12
14
23
44
54
74
82
90
100
122
128
137
144
168
187
196
208
229
236
261
277
293
303
314
319
319
357
373
389
467
490
501
515
535
547
561
565
594
614
634
665
694
726
741
741
780
801
837
904
943
1001
1029
1079
1131
1176
1234
1305
1381
1439
1483
1510
1607
1607
1650
1760
1849
1893
1981
2050
2096
2203
2306
2391
2489
2559
2653
2761
2838
2961
3016
3077
3216
3295
3366
3460
3569
3607
3632
3698
3724
3793
3848
3954
4009
4034
4089
4149
4215
4252
4320
4346
4360
4419
4447
4477
4529
4579
4582
4611
4625
4645
4671
4691
4709
4723
4740
4759
4779
4789
4817
4831
4835
4836
4863
4877
4891
4899
4924
4941
4954
4965
4979
5004
5018
5035
5051
5058
5072
5083
5094
5113
5123
5130
5133
5144
5150
5154
5155
5166
5170
5180
5187
5192
5197
5201
5203
5210
5212
5218
5220
5225
5227
5234
5239
5241
5245
5254
5261
5268
5274
5274
5275
5278
5282
5284
5289
5295
5296
5297
5300
5305
5307
5311
5312
5312
5312
5319
5320
5322
5322
5324
5324
5325
5326
5333
5337
5339
5340
5353
5359
5381
5401
5428
5459
5511
5552
5583
5669
5734
5810
5880
5938
5978
6013
6098
6181
6210
6277
6343
6393
6493
6586
6666
6750
6854
6948
7008
7064
7178
7247
7300
7409
7469
7527
7624
7709
7783
7880
7945
8000
8057
8112
8174
8243
8293
8364
8403
8438
8449
8497
8556
8595
8619
8650
8671
8690
8710
8739
8765
8778
8794
8803
8811
8820
8832
8838
8854
8856
8868
8869
8880
8892
8901
8913
8919
8929
8933
8939
8953
8959
8966
8971
8977
8980
8985
8990
8997
9012
9022
9024
9028
9034
9042
9049
9055
9061
9066
9067
9074
9077
9085
9088
9095
9097
9104
9109
9122
9122
9130
9153
9163
9174
9184
9200
9254
9265
9278
9302
9316
9363
9417
9458
9496
9545
9581
9581
9687
9791
9865
9932
9996
10045
10081
10157
10218
10286
10363
10428
10489
10543
10623
10696
10816
10933
11020
11112
11213
11306
11427
11572