4
4
5
6
8
8
14
14
14
19
19
19
19
25
25
25
25
32
32
32
33
33
33
33
34
34
35
35
35
35
35
35
35
35
37
40
40
41
42
42
43
43
43
47
48
50
50
50
53
59
70
75
82
114
147
177
212
272
322
411
599
721
827
934
1045
1136
1245
1388
1524
1651
1771
1875
1978
2067
2169
2220
2258
2369
2423
2473
2518
2551
2579
2613
2643
2672
2700
2733
2765
2792
2811
2826
2839
2854
2907
2922
2931
2938
2947
2954
2960
2966
2969
2987
2988
2989
2992
3000
3004
3009
3015
3017
3017
3018
3025
3025
3028
3031
3033
3034
3037
3037
3040
3040
3042
3045
3054
3065
3076
3077
3081
3082
3083
3084
3101
3102
3104
3112
3119
3121
3125
3125
3129
3134
3135
3135
3135
3135
3141
3146
3147
3148
3151
3156
3157
3158
3162
3162
3162
3169
3171
3173
3179
3180
3185
3190
3195
3195
3197
3202
3202
3216
3217
3220
3227
3232
3236
3239
3246
3249
3250
3255
3253
3269
3279
3282
3291
3295
3297
3298
3304
3310
3312
3317
3320
3321
3328
3330
3345
3348
3351
3351
3351
3356
3359
3376
3376
3377
3378
3381
3382
3389
3390
3390
3395
3397
3402
3403
3404
3410
3411
3411
3412
3417
3425
3427
3431
3438
3444
3445
3446
3447
3454
3461
3466
3473
3475
3480
3490
3490
3497
3500
3506
3511
3514
3516
3519
3522
3523
3545
3559
3564
3569
3575
3583
3585
3590
3600
3615
3622
3628
3634
3636
3641
3643
3652
3665
3675
3686
3679
3691
3700
3709
3719
3727
3731
3736
3743
3746
3759
3763
3775
3780
3784
3787
3797
3804
3810
3818
3830
3837
3840
3844
3847
3852
3861
3866
3874
3875
3878
3880
3888
3892
3899
3922
3920
3910
3926
3942
3961
3966
3977
3998
4008
4026
4039
4053
4072
4086
4107
4126
4151
4169
4180
4192
4209
4237
4246
4261
4281
4297
4331
4907
5289
5716
5762
5829
5910
6020
6141
6285
6440
6690
6884
7163
7379
7694
8439
8966
9331
9636
9841
10053
10298
10547
10834
10991
10991
11450
11680
12054
12423
12594
12653
12795
12795
13104
13302
13500
14646
14646
15465
16221
17953
18782
19618
20454
21249
21249
22058
23134
23371
23557
23557
23746
24104
24279
24279
24405
24571
24714
24786
24961
25111
25241
25323
25504
25504
25692
25692
25764
25809
25951
26031
26031
26073
26108
26162
26241
26305
26441
26441
26501
26540
26598
26679
26757
26927
27005
27154
27402
27494
27594
27713
27803
27876
28346
28443
28443
28577
28657
28734
28773
28821
28863
28889
28947
29031
29127
29321
29571
29905
30310
30869
31658
32625
33610
34575
35910
37453
39038
40585
42352
43742
45185
46643
48113
50183
53022
55460
57508
59688
61699
63570
65153
67044
68984
71025
72788
74900
76811
78855
81274
83375
85005
86924
88907
93794