0
0
0
0
0
0
0
0
0
0
0
0
0
0
0
0
0
0
0
0
0
0
0
0
0
0
0
0
0
0
0
0
0
0
0
0
0
0
0
0
0
0
0
0
0
0
0
0
0
0
0
0
2
2
4
5
7
9
9
49
50
51
57
60
65
66
74
78
82
87
90
94
98
103
104
105
107
107
109
109
112
113
113
113
114
114
114
114
114
114
115
115
115
115
115
115
116
116
116
116
116
116
116
116
116
116
116
116
116
116
116
116
116
116
116
116
116
116
116
116
116
116
116
116
116
116
116
116
116
117
117
117
117
117
117
117
117
117
117
117
117
117
117
117
123
123
123
123
123
123
123
123
123
123
123
123
124
126
126
126
130
130
130
130
130
133
133
133
133
133
133
133
133
133
133
133
133
136
137
137
137
139
141
141
142
147
147
148
153
156
164
169
173
182
182
194
199
210
225
275
279
281
300
326
404
426
497
552
588
629
686
767
864
930
1007
1099
1252
1411
1429
1554
1645
1683
1759
1797
1920
1984
2040
2230
2250
2277
2391
2588
2698
2825
2993
3042
3141
3223
3327
3434
3651
3853
3901
3945
4026
4136
4235
4277
4312
4362
4386
4463
4531
4570
4629
4715
4763
4767
4846
4887
4963
5021
5043
5043
5116
5127
5154
5194
5241
5281
5297
5298
5333
5392
5446
5487
5503
5511
5535
5568
5594
5636
5668
5692
5704
5704
5754
5764
5774
5798
5838
5849
5849
5880
5904
5930
5980
6077
6080
6096
6135
6180
6233
6261
6324
6450
6475
6488
6503
6570
6586
6630
6660
6669
6685
6704
6725
6735
6751
6767
6775
6782
6808
6833
6852
6864
6879
6885
6900
6917
6940
6955
6974
7000
7012
7024
7071
7089
7097
7104
7112
7115
7127
7132
7150
7158
7162
7168
7178
7186
7196
7210
7219
7244
7265
7273
7286
7305
7320
7343
7370
7393
7399
7415
7430
7450
7456
7462
7473
7490
7496
7509
7520
7533
7542
7564
7566
7578
7586
7607
7607
7612
7616
7616
7617
7631
7632
7637
7642
7642
7646
7656
7663
7666
7666
7676
7680
7682
7686
7690
7697
7704
7705
7713
7716
7717
7723
7727
7729
7732
7736
7736
7736
7743
7753
7759
7769
7783
7788
7790
7807
7812
7821
7839
7855
7861
7865
7903
7924
7939
7954
7977
7986
8004
8026
8072
8116
8136
8178
8192
8214
8235
8276
8323
8382
8404
8441
8511
8596
8678
8678
8806
8940
8964
9135
9216
9383
9383
9487
9676
9796
9947
10170
10498
10824
11072
11313
11471
11706
12105
12396
12720
13122
13355
13454
13802
14417
14814