0
0
0
0
0
0
0
0
0
0
0
0
0
0
0
0
0
0
0
0
0
0
0
0
0
0
0
0
0
0
0
0
0
0
0
0
0
0
0
0
0
0
0
0
0
0
0
0
0
1
1
5
5
6
18
47
98
192
359
670
1236
1529
1872
2433
3629
5698
7402
9217
10827
13531
15679
18135
20921
23934
27069
30217
34109
38226
42282
47029
52167
56956
61049
65111
69392
74193
78546
82329
86306
90980
95591
98674
101790
104912
107773
110130
112261
114653
117589
120204
122392
124375
126045
127659
129491
131744
133721
135569
137115
138657
139771
141475
143114
144749
146457
148067
149435
150593
151615
152587
153548
154500
155686
156827
157814
158762
159797
160979
162120
163103
163942
164769
165555
166422
167410
168340
169218
170132
171121
172114
173036
174023
175218
176677
178239
179831
181298
182727
184031
185245
186493
187685
188897
190165
191657
193115
194511
195883
197239
198613
199906
201098
202284
203456
204610
205758
206844
207897
208938
209962
210965
211981
212993
214001
214993
215940
216873
217799
218717
219641
220572
221500
222402
223315
224252
225173
226100
227019
227982
228924
229891
230873
231869
232856
233851
234934
236112
237265
238450
239622
240804
241997
243180
244392
245635
246861
248117
249309
250542
251805
253108
254520
255723
257032
258249
259692
261194
262507
263998
265515
267064
268546
270133
271705
273301
274943
276555
278228
279806
281509
283270
284943
286455
288126
289635
291162
292878
294620
296391
298039
299810
301348
302867
304610
306302
308069
309790
311455
312966
314433
315845
317272
318663
320070
321512
323014
324443
326046
327557
329138
330753
332382
334031
335533
337147
338779
340450
342143
343955
345678
347493
349519
351413
353426
355528
357693
359784
361801
363999
366208
368513
370832
373154
375367
377473
379775
382118
384509
386820
389256
391739
394255
396831
399360
402053
404894
407939
411055
414278
417594
421413
425628
430170
435273
440805
446822
453535
460916
467730
503738
548244
578347
607628
638847
668957
700880
733261
765997
797893
828295
860432
893630
925342
1748567
1780673
1809809
1836728
1866345
1898447
1928165
1955680
1982090
2004285
2024601
2043704
2062960
2082610
2100712
2118255
2133373
2147578
2162775
2178580
2194272
2208652
2220855
2232035
2241912
2255607
2270101
2283931
2296102
2307581
2317118
2326256
2336476
2346285
2355839
2364801
2373115
2380665
2387101
2392963
2399781
2406216
2412505
2418472
2424328
2429605
2435247
2442350
2449839
2457118
2464030
2470901
2477463
2485182
2492977
2501079
2508988
2516889
2524786
2531456
2539559
2548195
2556837
2564427
2572190
2579896
2586183
2594128
2602034
2609359
2616600
2624019
2631876
2638422
2646526
2655633
2665194
2674766
2683971
2693164
2701588
2711479
2723316
2734836
2746158
2757460
2769230
2780417
2793632
2807387
2821943
2835989
2850930
2866012
2879390
2894893
2911642
2930554
2950603
2971633
2992694
3013122
3035338
3061520
3091282
3120013
3149094
3179115
3208173
3240577
3277880
3317182
3357988
3400296
3445052
3487050
3529601
3579185
3633925
3689866
3745657
3798333
3849011
3903573
3962760
4025557
4086957
4150039
4212645
4268447
4323596
4384624
4446591
4501382
4550820
4591416
4629969
4667281
4710582
4751026
4788700
4820591
4849408
4875388
4900121
4929118
4955594
4977982
4998089
5016141
5031332
5044936
5059433
5072462
5083996