0
0
0
0
0
0
0
0
0
0
0
0
0
0
0
0
0
0
0
0
0
0
0
0
0
0
0
0
0
0
0
0
0
0
0
0
0
0
0
0
0
1
1
1
1
1
1
1
1
1
1
3
3
3
7
14
14
16
29
47
73
73
97
145
196
310
356
475
548
645
794
897
1072
1225
1308
1319
1462
1668
1892
2203
2511
2777
3102
3372
3764
4161
4662
5106
5449
5710
6125
6592
7170
7647
8125
8617
9009
9410
9866
10406
10861
11411
11913
12331
12697
13184
13691
14195
14710
15232
15648
16023
16425
16847
17330
17858
18291
18616
18876
19230
19706
20148
20580
20986
21245
21584
21905
22382
22811
23204
23672
24562
24895
25385
25981
26542
27101
27599
28077
28479
29015
29706
30415
31177
31851
32536
33209
33986
34833
35755
36615
37361
38056
38901
39852
40854
41975
42932
43856
44538
45254
45924
46821
47705
48628
49468
50053
50622
51457
52285
53116
53941
54647
55285
55931
56779
57640
58466
59333
60077
60767
61454
62295
63169
64173
65317
66261
67096
68030
69078
70300
71404
72609
73761
74781
75880
77169
78515
80018
81534
82767
83812
85023
86504
88136
89917
91795
93490
95007
96653
98658
100810
102948
105337
107379
109234
110949
112653
114663
117172
119751
121930
124132
126279
128833
131300
134069
136966
139171
141424
143914
146511
149146
152373
155558
158122
160679
163678
166694
170373
173703
177048
180119
182900
185890
189488
192966
196631
200566
203799
206579
210309
214446
218625
223376
228161
232424
236329
240811
245698
251243
257204
263105
268065
272671
277982
283762
289022
295227
301856
307301
312287
317967
324942
332262
340042
347317
353723
359348
366233
374023
381664
390272
399330
407573
414567
423683
433492
443630
453565
464598
474245
483153
493544
504423
515755
527808
540593
551533
561581
573758
586522
600152
614986
629850
642215
653442
665968
680132
695755
712249
728834
742105
752343
765117
778560
793372
808828
822985
834913
843898
855054
867991
881727
895620
908839
918444
925321
934161
945218
957692
970758
982937
991700
998678
1007627
1018199
1030125
1041583
1049717
1056265
1061074
1068476
1076880
1086997
1096855
1102256
1107137
1111631
1117256
1124482
1133802
1139800
1144943
1150265
1154850
1160243
1166958
1175343
1183963
1192114
1198512
1201894
1206125
1210854
1216780
1222459
1227723
1231965
1234772
1237810
1241863
1247674
1253127
1258093
1261546
1263833
1266464
1270001
1275334
1280501
1285059
1288669
1291025
1293892
1297537
1302811
1307806
1313209
1316520
1319060
1322406
1326891
1333332
1340054
1346527
1351190
1354545
1358871
1364861
1373139
1381273
1389570
1395528
1399934
1405394
1412748
1422927
1433200
1442457
1449741
1455421
1458785
1465265
1474452
1487497
1500873
1509983
1516865
1526595
1538516
1553659
1569596
1584972
1596201
1604183
1615747
1630013
1646775
1665001
1682527
1694568
1703036
1713684
1725029
1742710
1762713
1783169
1797027
1807327
1820725
1836260
1855806
1875605
1893192
1905430
1913415
1925224
1939901
1956454
1974056
1989160
1999567
2006197
2015257
2027544
2043901
2058301
2071142
2079200
2084384
2092421
2102130
2113880
2124070
2132742
2137959
2140838
2143427
2146121
2152280
2160809
2169650
2175151
2178095
2180429
2185088
2192022