0
0
0
0
0
0
0
4
4
4
4
5
5
5
5
5
5
7
7
8
8
8
8
8
8
9
9
9
9
9
9
13
13
13
13
13
13
19
21
21
21
27
27
29
29
45
45
45
74
74
85
85
85
98
98
98
113
140
140
153
153
198
248
333
333
405
468
570
611
664
814
1024
1264
1505
1799
2076
2359
2659
2990
3360
3736
4123
4521
4933
5365
5825
6302
6302
6781
7265
7755
8238
8756
9281
9813
10349
10839
11380
11929
12481
13038
13599
14163
14730
15192
15738
16240
16793
17417
18198
18878
19661
20386
21084
21831
22627
23358
24190
25063
26004
26898
27892
28704
29485
30307
31086
31969
32532
33170
33896
34557
35192
35788
36359
37018
37642
38268
38808
39376
39904
40507
40986
41499
41990
42294
42636
42982
43364
43752
44145
44533
44925
45303
45683
46133
46563
46973
47360
47797
48246
48667
49069
49469
50141
50857
51540
52068
52600
53045
53577
54050
54453
54854
55198
55573
55848
56129
56422
56711
56922
57193
57498
57734
57988
58249
58562
58913
59177
59546
59921
60223
60506
60760
60999
61163
61352
61606
61845
62061
62300
62525
62704
62966
63212
63489
63819
64102
64312
64541
64906
65341
65802
66193
66617
67007
67282
67621
68020
68511
68901
69328
69690
70231
70805
71540
72154
72766
73471
73984
74454
75098
75981
76911
77842
78849
79489
80266
80940
81782
82568
83433
84242
84916
85595
86447
87530
88532
89540
90618
91469
92095
93090
94190
95348
96529
97760
98801
99733
100794
101840
102929
104004
105133
106229
107293
108608
110039
111437
112849
114387
115602
116517
117594
119132
120710
122273
123764
125123
126234
127624
129024
130336
131508
132629
133907
135141
136149
137310
138599
139891
141032
142143
143289
144385
145599
146735
147961
149135
150345
151554
152809
154101
155254
156523
157785
158990
160055
161365
162662
163967
165250
166502
167753
168860
170149
171434
172751
174062
175276
176429
177577
178837
180150
181405
182601
183755
184949
186041
187267
188545
189866
191150
192404
193575
194652
195878
197124
198435
199665
200892
201836
202863
204369
206092
207822
209678
211641
213231
214732
216699
218766
221754
224704
227702
230578
232982
236225
239587
242969
246376
249808
253261
256732
260223
263729
267258
270810
274376
277955
281546
285147
289086
293052
297014
300661
303609
306339
309649
313626
316875
320126
323402
326495
329293
332603
336142
339667
342974
345605
348772
351895
355131
358583
361877
365017
368175
370425
372530
375535
378637
381662
385160
388594
391524
394050
396771
399463
402205
405277
408236
410849
413332
415705
417909
419996
422246
424405
426397
428295
430313
432364
434465
436625
438638
440355
442226
444398
446594
448637
450765
453069
455197
457071
459360
461444
463759
465939
468023
470136
472148
474136
476019
478131
480006
481937
483747
485675
487697
489495
491423
493266
495224
497154
498957
500860
502791
504872
506845
508925
510738
512497
514591
516301
518262
520236
521948
523795
525567
527266
529220
530944
532710
534445
536017
537524
539138
540646
542158