1
1
2
2
5
5
5
6
6
8
8
8
11
11
11
12
12
12
12
12
13
13
14
14
14
14
14
14
14
14
16
16
16
16
16
16
17
17
25
32
55
74
107
184
237
403
519
594
782
1147
1586
2219
2978
3212
4679
6512
9169
13663
20030
26025
34898
46136
56755
68837
86693
105383
125013
143912
165987
192301
224560
256792
289087
321477
351354
382747
413516
444731
480667
515081
544183
571440
598380
627205
652611
682626
715656
743588
769684
799512
825429
854288
887858
920185
950581
977082
1000785
1025362
1051800
1081020
1115946
1143296
1167593
1191678
1216209
1240769
1268180
1295019
1320155
1339022
1358293
1381241
1401649
1428467
1453214
1477373
1495736
1518126
1539133
1561830
1587596
1611253
1632364
1652431
1671104
1690754
1709303
1731625
1756098
1779731
1798718
1816154
1837656
1857511
1879150
1904550
1925710
1943626
1961263
1979647
2000757
2023890
2048756
2073964
2092912
2112731
2136401
2163465
2191991
2223553
2255823
2280971
2313123
2350198
2386074
2426391
2472385
2513731
2554461
2595744
2642174
2693993
2750622
2801983
2847664
2898432
2941517
3002171
3062290
3124786
3192841
3252874
3311312
3370208
3438244
3506364
3582184
3654445
3716980
3777456
3839546
3904066
3974630
4043070
4116393
4181308
4236083
4292934
4359391
4431244
4498701
4567420
4623604
4669149
4714678
4773479
4827936
4887293
4946590
5000709
5046463
5094087
5142088
5198137
5249451
5314791
5361712
5400904
5437580
5482614
5529973
5574013
5622842
5665887
5700119
5736641
5777001
5822167
5867547
5914395
5957126
5991507
6026895
6068759
6109773
6153983
6204376
6247464
6278633
6302200
6329593
6363650
6399723
6447501
6488563
6522914
6557342
6596849
6635867
6681004
6730288
6772447
6810862
6862834
6902696
6941758
6988869
7037151
7081803
7119311
7152546
7195994
7235428
7281081
7336043
7384578
7420293
7459742
7504998
7556060
7614653
7671034
7725952
7771893
7813735
7865983
7925748
7990636
8059782
8116518
8165858
8233610
8295581
8358864
8435164
8517113
8599842
8661982
8729385
8806228
8885632
8976684
9075924
9165619
9270467
9355775
9482891
9587499
9716853
9844858
9972308
10087380
10207953
10348449
10495075
10659914
10840303
11008064
11144288
11307233
11471155
11644332
11835880
12034177
12213451
12360235
12534684
12710198
12893485
13005807
13213995
13369528
13509762
13670332
13858551
14061108
14284721
14517506
14733048
14914060
15108918
15333410
15555949
15787464
16027441
16245026
16432729
16627550
16836556
17083256
17322981
17574950
17766856
17954675
18153724
18351735
18581353
18775557
18873203
19099491
19255126
19429760
19630012
19863696
20099363
20252991
20553301
20762047
20946329
21181440
21436884
21715174
22010389
22271084
22484332
22699326
22926246
23156608
23392315
23635046
23836726
24014508
24157924
24334630
24517866
24711684
24902437
25073050
25204112
25356081
25503621
25657566
25826176
25992744
26135056
26247053
26382255
26497588
26619229
26743204
26877601
26981588
27071236
27161551
27257183
27352360
27458120
27557758
27644880
27709901
27764087
27826806
27896924
27966848
28046145
28117670
28174750
28230970
28303233
28377965
28455466
28532812
28597387
28648744
28706973
28764033
28831226
28899277
28965728
29023931
29064938
29109974
29167616
29225536
29288010
29349533
29402465
29440686
29497352
29551309
29610445
29670983
29732612
29787986
29821754
29873347
29926950
30013910
30081375
30158696
30221396
30264493
30333922
30395171
30462210
30541255
30611086
30674153
30709125
30786804
30847348
30922386
31002264
31084962
31151497
31197877
31268107
31345985
31421360
31495649
31575640
31628013
31670031
31737964
31799237
31862094
31929351
31991750
32045113
32077178
32124869
32175725
32230850
32289049
32346971
32392274
32421641
32472201
32512934
32557669
32605183
32652472
32686965
32708357
32745255
32778906
32814784
32852871