0
0
0
0
0
0
0
0
0
0
0
0
0
0
0
0
0
0
0
0
0
0
0
0
0
0
0
0
0
0
0
0
0
0
0
0
0
0
0
0
0
0
0
0
0
0
0
0
0
0
0
0
2
10
17
33
36
42
42
70
70
77
84
91
107
107
119
119
135
135
143
146
153
155
159
165
165
167
171
171
175
181
189
189
197
204
204
227
256
256
285
288
311
318
323
325
329
329
331
333
335
345
357
357
361
379
381
388
402
414
422
423
423
455
459
504
541
618
749
824
882
944
1010
1121
1177
1211
1245
1325
1370
1459
1510
1662
1819
1952
2087
2145
2316
2377
2473
2632
2738
2814
2879
2904
2978
3062
3150
3386
3483
3591
3789
3917
4048
4187
4366
4563
4779
5130
5297
5530
5832
6062
6273
6537
6750
7169
7411
7693
8008
8372
8803
9178
9465
9707
10010
10428
10854
11191
11483
11891
12334
12774
13164
13613
14263
14929
15463
15988
16571
17158
17859
18574
19443
20206
20754
21438
22299
23280
24166
24961
25805
26800
27938
29088
30369
31381
32607
33755
34802
35697
36868
37567
38219
38957
39564
40338
41158
41965
42898
43879
44946
45868
46728
47756
48883
49877
50973
52165
53289
54350
55563
56751
57823
58663
59630
60540
61569
62655
63416
64284
65174
65949
66656
67443
68453
69439
70406
71273
71940
72691
73528
74363
75122
76029
76820
77646
78434
79117
79796
80404
81019
81696
82453
83137
83756
84391
85005
85469
85758
86289
86636
86636
87644
88035
88416
88718
89142
89565
90047
90400
90876
91280
91589
92013
92325
92705
93100
93480
93921
94305
94698
94883
95149
95445
95750
96140
96441
96933
97352
97739
98050
98350
98665
99017
99435
99835
100143
100498
100817
101215
101524
101760
102040
102394
102621
103067
103548
103877
104177
104442
104904
105384
105852
106280
106715
107177
107786
108125
108480
108717
109081
109395
109781
110075
110513
110828
111024
111245
111603
111951
112316
112636
112861
113121
113558
113884
114083
114230
114407
114662
114908
115322
115667
116172
116610
116983
117299
117811
118415
118856
119306
119803
120444
121117
121691
122260
122795
123245
123709
124112
124525
124958
125364
125776
126323
126927
127346
127752
128315
128775
129231
129643
130116
130596
131096
131476
131828
132259
132743
133218
133577
133927
134319
134781
135114
135603
136068
136545
136986
137445
137871
138295
138739
139116
139545
139934
140383
140960
141356
141885
142338
142774
143321
143321
144277
144786
145379
145379
146488
147028
147577
148208
149145
150306
151123
151894
152508
153315
154165
154905
155663
156655
157943
159149
160497
161751
162730
164337
166123
167548
169074
170189
171373
172461
173786
174887
175812
176972
178094
179365
180609
181903
183190
184595
185736
186745
188063
189381
190523
191518
192498
193721
194959
196386
197683
198865
200067
200931
201807
202578
204057
205181
206549
207870
209162
210116
210948
211838