0
0
0
0
0
0
0
0
0
0
0
0
0
0
0
0
0
0
0
0
0
0
0
0
0
0
0
0
0
0
0
0
0
0
0
0
0
0
0
0
0
0
0
4
7
16
16
19
26
30
30
31
35
38
38
39
41
44
47
48
52
59
59
59
84
91
98
109
116
119
134
161
194
217
237
254
261
263
263
267
268
271
273
284
291
294
307
313
319
329
329
335
336
340
342
342
342
343
344
344
353
353
353
362
371
374
375
375
375
375
375
375
375
375
375
376
381
388
391
398
423
423
423
423
423
429
434
446
446
447
448
449
451
457
464
464
464
472
473
481
485
487
489
489
492
505
514
555
600
675
784
833
1001
1169
1328
1382
1557
1815
1990
2185
2428
2758
3080
3334
3835
4277
4341
4647
5029
5220
5551
5931
6230
6566
6764
7064
7412
7764
8204
8549
8916
9228
9398
9744
10093
10306
10469
10621
10938
11284
11548
11837
12160
12297
12541
12770
13065
13398
13722
13928
14208
14510
14875
15184
15491
15834
16153
16534
16844
17306
17606
17989
18313
18476
18802
19213
19678
20155
20677
21251
21668
22204
22729
23281
23875
24471
25142
25575
26127
26779
27363
27919
28664
29256
29906
30574
31362
32250
33006
33843
34401
35003
35686
36151
36580
37083
37591
37963
38253
38703
39121
39541
39899
40322
40766
41078
41498
41957
42432
42840
43256
43664
43945
44299
44684
45200
45658
46100
46434
46746
47135
47616
48129
48628
49134
49579
49989
50442
50952
51528
51948
52571
53075
53520
54060
54775
55408
56090
56672
57226
57657
58158
58838
59422
60065
60784
61514
62167
63031
63867
64935
66186
67296
68768
70254
71644
73196
75007
76727
78493
80429
81890
83585
85647
88004
90192
92708
94676
96098
98038
99758
101109
102992
104879
106622
108099
109738
111102
113409
115606
117755
119612
121216
122643
123945
125506
127376
129080
130598
131904
133093
134310
135459
136736
138004
139223
140287
141219
142228
143169
144257
145252
146074
146701
147400
148171
148968
149769
150505
151142
151569
152031
152555
153093
153590
154063
154557
155006
155414
155884
156393
156996
157593
158168
158559
158962
159443
159956
160426
161087
161559
162029
162601
163213
163975
164736
165535
166200
166800
167604
168444
169487
170527
171154
171717
172315
173635
174969
176377
177768
179293
180848
181909
183612
185336
187309
189326
191203
193029
194548
196812
198554
200382
202378
203669
205652
207436
209304
211602
213791
215984
218061
219912
221391
223638
225976
228044
230076
232038
233549
234748
236462
238248
240065
242353
244645
246893
248482
251288
253922
256461
259133
262017
264395
265897
268132
270856
272767
274690
276407
278135
279753
280741
282270
284280
286028
287680
289120
290259
290972
292052
293466
294550
295601
296462
296462
297638
298203
298921
299736
300387
300946
301437
301751
302249
302777
303270
303270