0
0
0
0
0
0
0
0
0
0
0
0
0
0
0
0
0
0
0
0
0
0
0
0
0
0
0
0
0
0
0
0
0
0
0
0
0
0
0
0
0
0
0
0
0
0
0
0
0
0
0
0
0
0
0
0
0
0
0
0
0
0
0
0
0
0
0
0
0
0
0
0
0
0
0
0
0
0
0
1
1
1
1
1
1
1
1
1
1
1
1
1
1
1
1
1
1
1
6
6
7
10
10
12
21
25
25
34
34
51
56
65
70
85
106
122
128
130
167
180
193
205
212
222
233
249
255
278
283
310
323
354
399
419
453
469
482
484
496
524
560
591
632
705
728
844
885
902
909
919
922
941
967
992
1015
1076
1089
1103
1118
1128
1158
1190
1221
1240
1248
1265
1290
1297
1318
1356
1380
1389
1465
1498
1516
1526
1552
1576
1581
1606
1619
1629
1640
1654
1674
1674
1681
1691
1703
1711
1726
1728
1730
1734
1734
1760
1763
1768
1796
1797
1804
1832
1831
1841
1847
1858
1858
1869
1869
1889
1892
1899
1906
1907
1911
1916
1924
1930
1933
1943
1946
1953
1958
1962
1976
1979
1983
1983
1987
1989
1994
1999
2003
2007
2009
2011
2013
2016
2019
2022
2024
2026
2026
2028
2028
2029
2029
2029
2030
2030
2031
2031
2034
2039
2040
2041
2041
2041
2047
2049
2050
2051
2051
2052
2052
2053
2053
2053
2055
2055
2056
2056
2057
2057
2057
2060
2060
2060
2060
2060
2061
2062
2062
2063
2063
2063
2063
2063
2063
2063
2063
2063
2063
2063
2063
2068
2068
2068
2068
2068
2068
2068
2068
2069
2069
2069
2072
2073
2073
2074
2074
2074
2077
2077
2077
2077
2077
2077
2077
2078
2078
2079
2079
2081
2082
2083
2083
2084
2085
2085
2087
2087
2087
2087
2087
2087
2087
2092
2092
2092
2094
2096
2096
2097
2099
2101
2101
2101
2101
2101
2102
2104
2104
2104
2104
2105
2107
2109
2110
2111
2112
2112
2113
2115
2115
2115
2118
2118
2118
2118
2119
2120
2120
2120
2120
2121
2122
2122
2122
2122
2124
2127
2127
2131
2131
2133
2134
2136
2136
2145
2145
2148
2151
2154
2157
2157
2165
2176
2187
2221
2255
2267
2269
2285
2310
2342
2363
2375
2411
2444
2473
2545
2586
2627
2667
2729
2771
2836
2908
2969
3037
3126
3217
3278
3418
3516
3612
3703
3816
3900
3969
4033
4115
4247
4357
4531
4620
4697
4798
4881
4975
5047
5133
5233
5276
5357
5446
5507
5582
5657
5715
5770
5812
5858
5918
5960
6020
6056
6105
6137
6183
6220
6263
6294
6317
6325
6341
6363
6390
6414
6426
6446
6462
6482
6485
6492
6498
6507