0
0
0
0
0
0
0
0
0
0
0
0
0
0
0
0
0
0
0
0
0
0
0
0
0
0
0
0
0
0
0
0
0
0
0
0
0
0
0
0
0
0
0
0
0
0
0
0
0
0
0
0
0
0
0
0
0
0
1
3
3
3
3
3
3
5
7
7
7
8
8
9
9
9
9
10
11
11
11
13
14
14
17
17
23
23
24
25
25
25
28
28
28
29
31
31
32
32
32
40
40
34
34
34
34
34
34
34
35
36
36
36
37
37
42
42
44
46
46
48
51
51
56
56
56
56
132
149
149
174
178
203
206
222
237
265
279
282
287
314
320
332
343
356
383
387
391
401
463
479
479
489
512
525
530
551
561
567
567
574
591
605
617
625
698
716
734
787
885
885
942
982
985
1034
1064
1089
1362
1420
1478
1611
1713
1820
2034
2124
2296
2434
2512
2704
2817
2879
3092
3169
3659
3921
4075
4221
4221
4339
4451
4575
4649
4748
4818
4893
4990
5072
5176
5261
5308
5378
5643
5745
5815
5893
5930
6070
6196
6251
6292
6388
6406
6412
6497
6559
6638
6678
6837
6837
6837
7298
7388
7429
7453
7479
7508
7526
7531
7576
7598
7633
7647
7672
7683
7683
7711
7725
7752
7787
7803
7812
7816
7837
7838
7850
7858
7885
7888
7898
7915
7919
7951
7994
8010
8011
8021
8036
8055
8075
8099
8110
8147
8159
8187
8215
8242
8257
8269
8276
8303
8315
8320
8349
8362
8367
8374
8389
8410
8427
8444
8471
8498
8531
8561
8610
8667
8696
8765
8786
8829
8897
8945
8981
9046
9120
9172
9220
9308
9398
9508
9623
9714
9822
9822
9950
10129
10129
10424
10547
10617
10718
10839
10912
11007
11081
11162
11219
11246
11358
11522
11749
11866
12047
12151
12325
12422
12544
12656
12786
12880
12963
13077
13148
13325
13625
13867
14084
14491
15265
15829
17194
17804
18675
19660
20499
21477
22297
23239
24256
25368
26109
26881
27203
27892
28675
29408
30047
30523
31007
31320
31646
32004
32304
32646
32952
33273
33388
33548
33814
33964
34171
34331
34487
34552
34658
34781
34864
34864
35045
35104
35172
35222
35315
35423
35543
35710
35768
35796
35862
35910
35960
35994
36044
36058
36089
36115
36148
36179
36223
36248
36260
36271
36289
36321
36341
36377
36423
36471
36484
36504
36535
36552
36611
36652
36662
36665
36684
36717
36749
36778
36805
36818
36822
36839
36839
36882
36896
36903
36911
36923
36934
36966
36984
37052
37147
37273
37288
37307
37330
37369
37422
37534
37699
37751
37859
37875
37980
38018
38045
38064
38086
38102
38164
38191
38235
38257
38260
38281
38293
38327
38357
38398
38403
38414
38419
38433
38448
38466
38491