0
0
0
0
0
0
0
0
0
0
0
0
0
0
0
0
0
0
0
0
0
0
0
0
0
0
0
0
0
0
0
0
0
1
1
1
1
1
1
1
1
2
4
4
4
4
5
7
8
11
12
13
15
16
18
20
24
25
29
30
34
41
43
76
80
91
107
118
146
175
197
240
275
300
338
368
424
445
485
532
556
608
666
715
785
841
907
934
997
1027
1093
1177
1236
1331
1464
1532
1704
1830
1940
2127
2291
2470
2705
2895
3225
3393
3564
3781
4042
4403
4687
4968
5227
5640
6054
6403
6665
7073
7654
8146
8677
9219
10001
10585
11176
11834
12459
13039
13662
14528
15208
15753
16512
17270
18057
18972
19554
20345
20920
21462
22146
22894
23550
24106
24770
25531
26314
26878
27536
27882
28428
28837
29147
29471
29705
30165
30441
30606
30957
31228
31507
31826
32012
32314
32662
32941
33180
33374
33584
33898
34184
34356
34441
34595
34730
34984
35060
35219
35279
35453
35493
35605
35717
35918
35978
36026
36147
36253
36358
36463
36532
36665
36700
36701
36737
36773
36820
36928
37006
37046
37083
37153
37260
37336
37422
37497
37542
37590
37667
37710
37750
37852
37885
37944
37990
38045
38061
38103
38119
38130
38133
38155
38159
38193
38243
38288
38304
38324
38398
38494
38520
38544
38572
38606
38641
38716
38772
38815
38855
38872
38897
38919
39044
39074
39096
39145
39170
39186
39192
39227
39239
39254
39268
39285
39290
39297
39341
39422
39486
39548
39616
39693
39703
39799
39870
39928
39994
40026
40088
40141
40200
40287
40369
40510
40626
40687
40768
40833
40937
41032
41145
41268
41334
41425
41501
41633
41728
41814
41935
41975
42033
42159
42297
42463
42609
42795
42969
43035
43240
43468
43681
43924
44177
44363
44503
44706
44988
45174
45384
45600
45723
45844
46116
46274
46516
46718
46837
46837
47072
47306
47516
47716
47851
48053
48116
48229
48527
48718
48952
49161
49378
49621
49681
49817
50013
50190
50433
50655
50810
50886
51039
51280
51350
51405
51526
51526
51526
51526
53011
53105
53105
53207
53332
53400
53489
53538
53584
53584
53775
53831
53938
53984
54062
54141
54278
54403
54483
54559
54595
54672
54750
54854
54891
54939
55008
55023
55059
55121
55174
55231
55265
55330
55335
55359
55384
55402
55420
55445
55473
55492
55514
55518
55540
55557
55575
55580
55604
55617
55646
55664
55680
55696
55707
55714
55733
55759
55770
55775
55827
55840
55847
55876
55876
55894
55917
55959
55959
55985
55985
55995
56016
56044
56069
56093
56103
56153
56177
56192
56226
56254
56290
56294
56322
56384
56454
56517
56572
56595
56676
56717
56779
56873
56943
57019
57144
57160
57242
57364
57492
57534
57612
57721
57793
57898
58037
58214
58312
58542
58730
58843
59015
59225
59370
59576
59745
59939
60122
60300
60563
60797
61162
61455
61755
61842
62063
62403
62718
63045