0
0
0
0
0
0
0
0
0
0
0
0
0
0
0
0
0
0
0
0
0
0
0
0
0
0
0
0
0
0
0
0
0
0
0
0
0
0
0
0
1
1
1
1
1
1
1
1
1
1
1
1
1
1
2
39
39
53
75
88
113
133
164
188
224
267
308
334
370
376
390
428
439
466
501
525
545
564
583
601
601
638
646
659
673
673
696
704
713
717
717
723
723
731
738
738
743
743
743
745
745
747
748
750
751
751
752
752
754
755
755
758
760
761
761
761
761
761
761
762
762
762
762
762
763
763
763
763
764
764
764
765
844
851
852
852
852
852
852
852
852
852
853
853
853
853
854
854
855
855
855
855
855
855
855
855
855
855
855
855
855
855
855
855
855
855
855
855
855
855
855
855
855
858
861
862
877
880
880
880
884
884
889
889
897
897
897
907
907
918
922
925
925
925
937
939
939
944
955
955
955
963
963
977
981
989
989
989
1005
1005
1024
1024
1045
1045
1045
1060
1060
1098
1098
1124
1124
1124
1176
1184
1199
1199
1215
1215
1215
1261
1261
1301
1301
1344
1344
1344
1438
1438
1483
1483
1564
1564
1564
1681
1681
1753
1753
1836
1836
1836
1966
1966
2050
2050
2110
2110
2110
2370
2370
2568
2568
2696
2696
2696
2995
2995
3190
3190
3377
3377
3377
3623
3623
3811
3811
4038
4038
4038
4325
4410
4517
4567
4665
4756
4825
4888
4910
5045
5135
5135
5319
5383
5437
5477
5567
5616
5725
5725
5872
5914
5951
6018
6066
6142
6207
6256
6304
6351
6428
6534
6610
6610
6712
6745
6790
6842
6904
6955
7005
7050
7084
7127
7162
7190
7236
7288
7338
7382
7382
7446
7466
7519
7560
7577
7602
7633
7669
7699
7756
7806
7821
7875
7919
7983
8049
8117
8166
8192
8249
8308
8348
8348
8489
8586
8586
8586
8682
8818
8868
8946
9038
9083
9083
9194
9308
9379
9416
9499
9549
9596
9638
9716
9779
9837
9885
9937
9972
10017
10070
10137
10172
10206
10251
10275
10312
10352
10391
10427
10463
10503
10538
10555
10583
10610
10645
10672
10699
10712
10739
10775
10799
10822
10849
10866
10889
10908
10948
10976
10998
11019
11042
11069
11089
11130
11130
11199
11228
11266
11289
11319
11360
11393
11431
11481
11517
11545
11591
11638
11687
11732
11809
11850
11888
11944
12010
12053
12115
12174
12231
12286
12328
12363
12409
12456
12497
12545
12581
12614
12641
12641
12712
12771
12805
12805
12874
12917
12942
13007
13024
13060
13083
13121
13148
13198
13232
13232
13282
13295
13316
13340
13363
13390
13406
13423
13429
13447
13470
13470