0
0
0
0
4
5
5
6
9
9
12
12
12
13
13
14
15
15
15
15
15
15
15
15
15
15
15
15
15
15
15
15
15
15
15
15
15
15
25
27
30
39
52
55
60
63
76
91
107
128
128
200
250
297
377
452
568
681
791
1071
1549
1682
2044
2364
2810
3143
3640
3984
4361
4559
4862
5116
5330
5550
5687
5797
5895
6010
6108
6215
6303
6315
6351
6415
6440
6462
6522
6568
6610
6623
6645
6652
6662
6677
6694
6714
6721
6744
6752
6766
6778
6799
6822
6847
6875
6894
6913
6918
6939
6948
6970
6980
6989
7019
7035
7044
7054
7068
7072
7081
7095
7099
7114
7114
7126
7139
7150
7165
7184
7192
7202
7221
7229
7240
7247
7252
7259
7265
7267
7274
7285
7289
7294
7320
7335
7347
7370
7391
7409
7411
7461
7474
7492
7521
7558
7595
7601
7686
7764
7834
7920
8001
8066
8260
8443
8583
8755
8886
9056
9374
9553
9797
9980
10251
10487
10810
11233
11441
11802
12069
12428
12894
13302
13595
13950
14403
14935
15303
15582
16298
16903
17280
17895
18318
18730
19445
19890
20272
20698
21084
21397
21713
22127
22358
22742
23035
23287
23558
23773
23989
24236
24407
24602
24811
24915
25053
25204
25322
25448
25547
25670
25746
25819
25923
26049
26136
26207
26278
26321
26373
26465
26524
26564
26607
26651
26692
26739
26778
26813
26861
26885
26898
26912
26942
26972
26980
27000
27016
27040
27044
27055
27078
27096
27109
27121
27135
27148
27173
27181
27206
27226
27244
27263
27285
27310
27337
27357
27371
27378
27390
27399
27405
27443
27458
27476
27495
27513
27525
27539
27553
27565
27579
27585
27595
27601
27610
27622
27630
27644
27652
27658
27665
27669
27671
27675
27676
27682
27711
27749
27758
27777
27785
27792
27806
27821
27834
27843
27853
27865
27873
27886
27892
27902
27912
27923
27939
27949
27956
27965
27972
27987
27993
28000
28011
28025
28030
28037
28048
28060
28072
28093
28126
28168
28198
28219
28237
28262
28274
28297
28308
28337
28349
28381
28405
28425
28460
28484
28504
28517
28536
28546
28571
28582
28595
28614
28634
28650
28660
28669
28689
28708
28721
28731
28740
28749
28755
28760
28766
28777
28780
28786
28794
28799
28806
28811
28818
28823
28829
28838
28842
28848
28851
28857
28860
28871
28879
28887
28892
28898
28900
28905
28911
28912
28918
28920
28926
28930
28937
28939
28947
28957
28965
28970
28978
28986
28996
29007
29021
29029
29034
29046
29061
29074
29090
29102
29112
29117
29130
29137
29154
29166
29183
29192
29196
29206
29211
29221
29230
29239
29252
29259
29276
29296
29304
29322
29333
29341
29348
29357
29365
29379
29385
29390
29396
29405
29419
29429
29450
29469
29484
29499
29519
29533
29556
29576
29594
29638
29653
29663
29680
29717
29750
29773
29798
29811
29824
29838
29850
29865
29884
29893
29906
29922
29931
29938
29946
29955
29957