0
0
0
0
0
0
0
0
0
0
0
0
0
0
0
0
0
0
0
0
0
0
0
0
0
0
0
0
0
0
0
0
0
0
0
0
0
0
0
3
3
3
3
6
6
9
9
9
11
11
11
15
15
23
28
28
28
44
44
53
65
72
87
93
122
165
182
209
273
298
359
400
443
521
584
641
717
822
926
991
1058
1098
1148
1197
1253
1283
1340
1373
1398
1436
1480
1518
1548
1592
1617
1645
1678
1717
1766
1804
1854
1894
1932
1984
2060
2127
2204
2279
2422
2519
2589
2693
2758
2879
2980
3138
3274
3387
3518
3631
3749
3855
3982
4122
4271
4403
4568
4759
4989
5246
5494
5662
5935
6260
6522
6860
7239
7553
7876
8191
8530
8882
9218
9570
9957
10324
10662
10991
11329
11767
12238
12729
13207
13715
14305
14852
15369
15890
16424
16968
17524
18112
18684
19267
19801
20324
20837
21374
21916
22464
22990
23521
24041
24570
25113
25672
26165
26636
27133
27521
27890
28242
28633
28980
29312
29633
30050
30446
30858
31221
31560
31878
32157
32443
32684
32910
33103
33247
33376
33481
33568
33647
33731
33824
33915
34018
34107
34219
34343
34474
34620
34759
34921
35105
35274
35426
35559
35707
35844
35986
36174
36309
36435
36578
36732
36899
37031
37192
37329
37418
37557
37732
37874
38037
38172
38327
38403
38517
38658
38777
38894
39042
39188
39280
39378
39524
39686
39787
39895
40023
40061
40119
40229
40309
40453
40561
40691
40788
40931
41113
41304
41519
41752
41982
42104
42381
42750
43280
43789
44317
44964
45295
45879
46593
47418
48221
49013
49959
50486
51149
52137
53152
54174
55269
56444
57040
58282
59509
60873
62338
63748
65411
66046
67392
68594
70216
71580
73429
75688
77083
79158
81397
83994
87163
89898
93094
95281
98927
102396
106101
109813
114025
118195
121176
125602
129544
133733
138000
142323
146679
149765
154152
158555
162774
167155
171423
175874
178986
183259
187336
191460
195422
199127
202088
203593
205877
208211
210061
211764
213192
214711
215483
216584
217636
218700
219041
219462
220265
220599
221401
222200
222885
223417
224050
224651
224827
225346
225820
226200
226549
226951
227273
227391
227696
228028
228246
228526
228688
228975
229032
229358
229584
229793
229935
230066
230219
230296
230455
230617
230769
230907
231022
231154
231198
231362
231509
231649
231840
231995
232123
232197
232337
232491
232636
232829
232973
233129
233201
233424
233644
233770
233989
234267
234537
234662
235014
235333
235647
236012
236365
236768
236963
237260
237775
238383
238959
239692
240295
240671
241651
242491
243424
244303
245490
246304
246974
248307
249492
250921
252680
254370
256201
257330
259476
261713
263961
266322
268174
270735
271834
273869
276464
279181
281387
283579
285993
287144
289601
291894
294211
296374
298522
300666
301661
303858
305933
307980
309789
311465
313006
313812
315119
316521
317913
319109
320322
321380
321798
322761
323841
324685
325407
326056
326716
327087
327601
328159
328668