0
0
0
0
0
0
0
0
0
0
0
0
0
0
0
0
0
0
0
0
0
0
0
0
0
0
0
0
0
0
0
0
0
0
0
0
0
0
0
0
0
0
0
0
0
0
0
0
0
0
0
0
0
0
1
1
1
3
3
4
4
4
5
5
9
10
10
11
14
14
21
24
24
28
28
29
33
40
41
42
46
46
47
49
49
53
54
55
55
60
65
65
72
73
78
80
80
80
80
81
81
83
83
83
89
92
92
92
92
92
93
93
94
96
96
96
96
96
96
97
97
97
100
100
100
100
100
101
102
102
102
102
102
102
102
102
103
103
103
103
103
103
103
103
103
103
104
104
104
104
104
104
104
104
104
104
104
104
104
104
104
104
104
104
104
104
104
104
106
107
108
111
111
113
116
119
124
129
138
153
174
194
219
274
316
326
342
382
447
484
508
574
599
648
679
715
751
761
830
878
898
945
989
1036
1089
1119
1252
1315
1329
1424
1531
1610
1703
1765
1784
1798
1813
1923
2020
2057
2135
2167
2217
2276
2337
2386
2386
2476
2506
2546
2585
2721
2721
2814
2928
2928
3008
3032
3087
3177
3177
3214
3315
3418
3467
3618
3699
3790
3790
3838
3838
3903
4123
4123
4220
4332
4409
4452
4559
4713
4713
4713
5023
5078
5163
5163
5191
5385
5517
5628
5703
5773
5923
6051
6135
6268
6268
6410
6410
6502
6549
6607
6644
6714
6714
6735
6790
6843
6882
6882
6947
6947
6964
7012
7060
7124
7163
7163
7186
7256
7312
7323
7348
7367
7395
7413
7431
7460
7469
7482
7496
7496
7517
7541
7543
7543
7549
7565
7570
7570
7579
7579
7585
7585
7623
7648
7659
7674
7698
7714
7725
7733
7733
7746
7765
7772
7788
7788
7788
7788
7834
7834
7846
7857
7871
7887
7887
7914
7924
7928
7945
7959
7969
7969
7969
8004
8004
8011
8011
8021
8032
8032
8067
8068
8075
8088
8101
8101
8101
8133
8140
8161
8161
8167
8174
8174
8174
8223
8231
8247
8256
8256
8256
8289
8289
8289
8311
8311
8311
8311
8311
8383
8383
8403
8403
8403
8403
8471
8477
8496
8496
8519
8519
8519
8519
8519
8573
8573
8600
8600
8600
8600
8642
8642
8642
8658
8658
8658
8765
8776
8800
8800
8800
8800
8800
8923
8935
8935
8935
8935
8935
8935
9000
9119
9119
9171
9171
9171
9171
9171
9270
9296
9339
9364
9364
9364
9460
9505
9505
9505
9634
9634
9634
9791
9791
9868
9868
9976
9976
10050
10220
10220
10349
10349
10453
10453
10519
10576
10576
10576
10711
10773
10773
10773
10908
10908
10966
11024