0
0
0
0
0
0
0
0
0
0
0
0
0
0
0
0
0
0
0
0
0
0
0
0
0
0
0
0
0
0
0
0
0
0
0
0
0
0
0
0
0
0
0
0
0
0
3
3
3
3
3
3
3
5
8
10
14
17
20
25
27
33
39
39
44
48
48
48
49
51
54
56
61
70
88
123
164
218
330
424
482
621
803
1012
1231
1572
1838
2144
2456
2948
3382
3772
4186
4689
4998
5416
5913
6462
7103
7667
8238
8790
9455
10143
10929
11719
12425
13134
13770
14657
15691
16660
17822
18863
20065
20995
22268
23870
25121
26738
28511
30205
32078
33610
35585
36751
38292
40321
42844
44608
47153
49534
52445
55140
57563
60391
63026
65769
68504
71675
74865
78052
81523
84379
87520
90619
94481
98489
102292
105535
108775
112306
115786
119198
122660
126606
130474
133978
137787
141801
145483
149258
153277
156391
159679
162417
165618
168645
172134
175494
178443
181129
183795
186894
190057
193590
196323
199357
202066
204525
207453
210510
213254
216110
218658
221178
223453
226225
229185
232194
234889
237661
239860
240746
242102
244020
246674
249651
252502
255113
257600
260507
263503
266498
269115
271881
274525
276549
279144
282344
285091
287959
290360
292625
294598
297083
299628
302147
304583
306794
308925
310822
312996
314946
317528
319686
321615
323565
325157
327359
329251
331078
332970
334762
336044
337520
339332
341056
342671
344264
345805
347372
348918
350621
352178
353844
355384
356767
357873
359148
360555
362043
363479
364987
366383
367565
368690
370132
371631
373151
374592
375870
377073
378266
379738
381275
382959
384559
386086
387295
388569
390206
391586
393131
394827
396413
397507
398815
400251
401586
403079
404760
406364
407684
409252
410988
412647
414164
416006
417475
418764
420238
421921
423620
425353
427198
428965
430496
432333
434472
436684
438795
441159
443434
445281
447341
449760
451990
454146
456438
458711
460619
462407
464932
467225
469423
471739
473991
475789
477545
479743
481945
484104
485965
487849
489178
490533
492332
494209
495841
496975
498293
499560
500713
502183
503501
504868
506102
507265
508099
509148
510080
511261
512496
513510
514500
515184
516019
516929
517920
518898
519905
520690
521382
522453
523302
524020
524910
525723
526485
527063
527632
528329
529031
529687
530271
530890
531326
531799
532401
532916
533444
533953
534407
534770
535139
535582
536107
536545
537030
537465
537770
538062
538378
538765
539153
539531
539975
540266
540592
541038
541434
541877
542268
542674
543024
543351
543717
544116
544544
544954
545424
545831
546216
546801
547316
547930
548549
549184
549724
550330
551175
552087
553105
554156
555222
556236
557395
559168
560887
562752
564939
566838
568706
570878
573687
577241
580808
584395
588132
591806
595714
600895
605937
611295
617764
624594
630277
637364
644439
651652
659278
666132
673594
678937
684756
691957
697985
703170
707362
711779
715252
718950
723221
727780
732060
736074
739703
742400
745322
748628
751659
754614
756955
759132
760584
761943
763682
765596
767338
769160
770842
772127
773513
775027
776257
777397
778687