0
0
0
0
0
0
0
0
0
0
0
0
0
0
0
0
0
0
0
0
0
0
0
0
0
0
0
0
0
0
0
0
0
0
0
0
0
0
0
0
0
0
0
0
0
0
0
0
0
0
0
0
0
0
1
1
2
2
2
2
2
5
6
6
6
6
6
6
6
9
13
13
16
16
22
26
26
26
26
35
35
35
35
35
35
35
35
35
35
54
54
54
54
54
54
64
64
64
64
64
90
90
90
96
96
96
140
242
284
319
319
327
327
339
339
339
339
339
130
130
135
135
135
191
191
208
210
210
224
224
232
243
244
244
261
261
261
261
288
305
305
305
388
412
442
483
532
572
597
650
650
765
807
850
902
1017
1053
1124
1149
1187
1199
1199
1199
1199
1199
1199
1199
1199
1199
1285
1285
1378
1378
1378
1378
1378
1463
1602
1602
1602
1602
1602
1690
1694
1694
1694
1770
1770
1770
1805
1805
1805
1805
1805
1805
1914
1936
1936
1936
1936
1936
1936
2001
2014
2014
2014
2063
2063
2063
2063
2095
2095
2095
2115
2115
2115
2115
2145
2145
2145
2145
2145
2145
2145
2194
2194
2194
2213
2213
2213
2213
2242
2242
2242
2242
2267
2267
2267
2280
2280
2280
2280
2280
2294
2294
2325
2325
2325
2325
2340
2340
2340
2357
2357
2357
2357
2357
2357
2357
2411
2411
2411
2411
2411
2411
2411
2478
2496
2496
2496
2496
2496
2496
2557
2557
2557
2557
2557
2557
2557
2643
2643
2643
2643
2683
2683
2683
2745
2745
2745
2745
2745
2781
2781
2844
2844
2844
2844
2844
2884
2884
2916
2916
2916
2916
2916
2916
2916
2974
2974
2974
2974
2974
3015
3015
3055
3055
3055
3055
3055
3073
3073
3090
3090
3090
3090
3090
3090
3090
3152
3152
3152
3152
3167
3167
3167
3205
3205
3205
3205
3205
3205
3205
3251
3251
3251
3251
3251
3251
3304
3304
3304
3304
3304
3304
3363
3363
3413
3413
3413
3413
3413
3413
3413
3557
3582
3643
3643
3643
3643
3643
3786
3786
3786
3786
3893
3893
3893
4119
4119
4193
4193
4193
4193
4193
4560
4560
4560
4560
4560
5039
5039
5143
5143
5143
5143
5434
5434
5434
5434
5434
5434
5434
5434
5434
5434
6071
6071
6071
6071
6071
6338
6338
6501
6501
6501
6501
6501
6501
6501
6501
6501
6818
6818
6818
6818
6818
7100
7100
7100
7100
7100
7100
7100
7100
7313
7313
7313
7313
7313
7313
7313
7515
7515
7515
7515
7515
7515
7611
7611
7611
7611
7611
7611
7720
7720
7720
7720
7720
7720
7720
7720
7821
7821
7821
7821
7821
7884
7884
7884
7884
7884
7884
7884
7884
7995
7995
7995