0
0
0
0
0
0
0
0
0
0
0
0
0
0
0
0
0
0
0
0
0
0
0
0
0
0
0
0
0
0
0
0
0
0
0
0
0
0
0
0
0
0
0
0
1
1
1
1
1
1
1
1
1
1
1
1
1
1
2
2
2
2
2
2
2
3
3
4
4
4
4
5
5
5
5
5
5
5
5
5
5
5
5
5
5
5
5
5
5
5
6
6
7
7
7
7
7
7
7
7
7
7
7
7
7
7
7
7
7
7
9
11
15
20
21
21
21
21
21
21
21
21
24
24
27
27
28
31
31
33
43
43
47
47
47
48
48
59
59
59
59
62
62
66
66
67
67
67
67
68
68
68
68
70
70
70
70
75
76
77
77
77
77
77
78
80
80
80
80
80
80
82
84
84
84
84
86
87
87
89
90
92
92
92
92
92
95
99
99
99
101
101
102
102
103
105
105
108
108
108
110
110
113
113
128
133
133
138
141
147
147
153
154
155
155
156
173
173
184
195
195
224
225
227
227
227
228
228
228
233
234
234
238
241
244
245
245
246
246
246
252
259
261
261
261
261
263
263
271
273
280
281
282
282
283
283
298
299
300
304
304
306
306
309
309
313
316
316
316
325
327
330
331
332
336
336
340
342
342
345
346
346
348
349
354
356
358
358
358
358
359
359
364
364
364
369
369
375
375
377
378
378
378
378
379
382
386
386
386
389
395
396
396
410
414
415
418
424
426
430
432
433
433
434
436
437
438
438
439
440
440
443
443
446
479
479
519
519
576
597
623
623
636
655
670
689
710
716
734
734
755
767
771
810
813
825
831
833
834
837
842
842
843
848
850
850
851
854
855
856
856
856
857
858
858
859
859
859
859
859
861
861
861
861
861
861
861
863
863
864
866
866
866
866
866
866
866
866
867
867
867
867
867
867
867
867
867
867
867
868
868
868
868
868
868
868
868
868
868
868
868
868
868
869
869
869
869
870
870
870
871
872
872
872
873
886
889
891
891
891
896
900
900
906
910
918
921
927
929
934
941
952
957
961
966
986
992
1008
1018
1022
1026
1053
1059
1066
1074
1106
1111
1119
1135
1144
1161
1190
1202
1221
1241
1247
1257
1263