0
0
0
0
0
0
0
0
0
0
0
0
0
0
0
0
0
0
0
0
0
0
0
0
0
0
0
0
0
0
0
0
0
0
0
0
0
0
0
0
0
0
0
2
2
3
3
3
5
7
11
13
18
24
25
26
38
63
89
93
126
136
166
176
191
237
258
323
368
420
459
533
579
624
654
674
764
804
858
901
946
1009
1037
1083
1110
1167
1214
1268
1285
1309
1342
1368
1413
1421
1486
1516
1565
1585
1677
1757
1781
1839
1857
1926
1946
1987
2027
2070
2090
2117
2141
2158
2181
2218
2236
2267
2290
2304
2321
2338
2350
2372
2391
2401
2406
2416
2435
2462
2485
2494
2510
2524
2535
2551
2594
2606
2606
2606
2704
2728
2775
2832
2893
2893
2893
3040
3085
3141
3174
3273
3273
3273
3525
3588
3676
3796
3935
3935
3935
4325
4453
4606
4788
4962
4962
4962
5458
5621
5869
6086
6402
6719
6877
6981
6981
7411
7681
7908
8161
8340
8479
8787
9115
9462
9767
9767
9767
10498
10766
11127
11444
11876
11876
12296
12462
12856
13138
13396
13687
13687
13687
14498
14708
14961
15184
15535
15801
15801
16111
16351
16691
17029
17396
17715
17715
18029
18326
18609
18920
19214
19550
19793
19964
20234
20517
20804
21142
21439
21560
21660
21961
22258
22544
22834
23138
23465
23635
23929
24211
24605
24897
25217
25428
25521
25737
26081
26316
26564
26797
26920
27001
27226
27469
27749
27975
27975
28354
28449
28710
29075
29528
29917
30345
30647
30837
31173
31655
32224
32845
33561
34112
34661
35389
36315
37314
38493
39758
40893
41596
43151
44737
46639
48137
50090
51505
52269
53822
55598
57506
59427
61212
62423
63419
65024
66565
68293
69625
70900
71956
72689
73944
75577
76757
77994
79309
80006
80553
81739
83328
84252
85431
86710
87374
87901
89085
90378
91539
92793
93768
94507
94944
96021
97317
98603
99543
100306
101117
101461
102330
103232
104087
104881
105524
105524
106222
106986
107570
108298
108891
109330
109691
109911
110454
110985
110985
112143
112143
112645
112645
113392
113392
113392
114920
115379
115633
115633
116200
116668
117011
117011
117011
117011
118083
118383
118717
119206
119420
119420
119420
120143
120532
120864
121194
121497
121497
121497
122199
122461
122828
122828
123434
123434
123434
124101
124443
124696
125123
125402
125402
125402
126139
126413
126781
127135
127537
127537
127537
128661
129176
129753
130510
130979
130979
130979
130979
133088
133982
134892
135513
135513
135513
137291
138542
139652
140990
142160
142160
142160
144831
146437
148163
149891
151337
151337
151337
154627
156346
158198
160163
162032
162032
162032
165787
167654
169626
171324
173478
173478
173478
176413
177506
179248
180831
181927
181927
181927
184698
184698
186372
187715
188994
188994
188994
191154
191876
193115
194371
194733
194733
194733
195971
196732
197378
197866
198461
198461
198461
198461
199463
199882
200353
200693
200693
200693
201217
201512
201796
202003