0
0
0
0
0
0
0
0
0
0
0
0
0
0
0
0
0
0
0
0
0
0
0
0
0
0
0
0
0
0
0
0
0
0
0
0
0
0
0
0
0
0
0
0
0
0
0
0
0
0
0
0
0
0
0
0
0
0
0
0
0
0
0
0
0
0
0
0
3
4
4
4
4
4
6
6
6
6
13
13
13
13
13
13
13
15
15
15
20
20
20
22
22
22
22
22
22
23
23
23
23
23
23
23
23
23
23
23
23
23
24
24
24
24
24
24
25
25
25
25
29
30
30
35
35
35
35
35
35
35
35
38
40
40
40
40
40
40
42
42
48
48
48
60
60
60
60
79
79
89
89
89
89
89
92
92
92
92
92
175
227
227
227
277
277
277
314
314
314
314
314
314
399
399
399
399
522
522
522
522
522
522
522
592
686
686
686
739
739
804
804
804
804
804
804
804
804
804
804
804
804
1066
1066
1066
1214
1214
1214
1214
1308
1308
1308
1308
1308
1308
1308
1562
1562
1562
1562
1562
1562
1633
1633
1724
1724
1724
2002
2002
2002
2126
2126
2126
2252
2252
2252
2252
2463
2463
2463
2567
2567
2567
2567
2567
2567
2567
2921
2921
2921
2921
3172
3172
3172
3172
3172
3172
3172
3172
3172
3172
3219
3219
3219
3219
3515
3515
3515
3914
5242
5242
5242
5609
5609
5609
5923
5923
5923
5923
6283
6283
6283
6642
6642
6642
6642
6642
6642
6642
7835
7835
7835
7835
7835
7835
7835
8225
8225
8225
8225
9103
9103
9103
9594
9594
9594
9594
9992
9992
9992
10258
10258
10258
10258
10742
10742
10742
11531
11531
11531
11531
12058
12058
12058
12501
12501
12501
12501
12873
12873
12873
13014
13014
13014
13014
13622
13622
13622
14025
14025
14025
14025
14025
14025
14700
14805
14805
14805
14805
15368
15440
15440
16050
16050
16050
16050
16768
16768
16768
17365
17365
17365
17365
18630
18630
18630
19654
19654
19654
19654
20658
20658
20658
21293
21293
21293
21293
22738
22738
22738
23503
23503
23503
23503
24435
24435
24435
24926
24926
24926
24926
25802
25802
25802
26524
26524
26524
26524
27721
27721
27721
28371
28371
28371
28371
30727
30727
30727
31746
31746
31746
31746
32912
32912
32912
34098
34098
34098
34098
34999
34999
34999
35493
35493
35493
35493
37559
37559
37559
38466
38466
38466
38466
39848
39848
39848
40878
40878
40878
40878
41710
41710
41710
41710
42674
42674
42674
43444
43444
43444
44075
44075
44075
44075
44702
44702
44702
45855
45855
45855
45855
45855
46600
46600
46934
46934
46934
46934
47851
47851
47851
48417
48417
48417
48417
49041
49041
49041
49041