0
0
0
0
0
0
0
0
0
0
0
0
0
0
0
0
0
0
0
0
0
0
0
0
0
0
0
0
0
0
0
0
0
0
0
0
0
0
0
0
0
0
0
0
0
0
0
0
1
2
2
2
2
3
15
15
20
33
40
64
75
99
114
146
152
180
207
222
246
261
282
288
302
318
345
364
384
414
443
443
484
497
497
528
542
546
557
565
576
581
600
609
616
629
629
632
635
638
641
645
649
652
662
672
688
729
736
744
748
751
760
766
773
773
780
782
796
796
796
809
812
814
814
814
832
832
845
847
847
847
847
847
881
884
885
888
888
889
890
891
891
892
892
892
894
894
895
899
899
900
901
903
903
907
919
934
941
941
959
959
962
962
967
980
987
987
1000
1003
1003
1005
1020
1033
1036
1036
1037
1038
1038
1045
1047
1052
1065
1065
1066
1070
1075
1086
1086
1100
1105
1105
1106
1106
1143
1143
1150
1153
1153
1158
1158
1175
1175
1204
1211
1213
1228
1238
1240
1267
1280
1280
1285
1297
1297
1297
1320
1338
1338
1352
1352
1352
1352
1357
1368
1370
1370
1375
1408
1408
1452
1463
1466
1476
1486
1499
1514
1707
1717
1733
1748
1767
1797
1816
1846
1896
1907
1929
1950
1962
1973
2008
2028
2032
2056
2088
2123
2154
2167
2184
2197
2222
2241
2254
2271
2271
2294
2305
2305
2335
2343
2343
2381
2387
2406
2406
2414
2433
2444
2451
2459
2466
2466
2471
2477
2500
2500
2517
2530
2539
2550
2562
2565
2569
2581
2582
2586
2586
2609
2635
2641
2652
2652
2670
2686
2686
2703
2735
2754
2757
2777
2777
2816
2816
2856
2886
2931
3010
3062
3091
3156
3212
3315
3469
3469
3579
3579
3894
4030
4209
4300
4449
4611
4832
4954
5160
5301
5461
5649
5941
6134
6255
6344
6344
6537
6631
6707
6828
6940
7051
7126
7342
7563
7713
7866
7866
8082
8279
8463
8546
8809
8882
9000
9188
9352
9352
9553
9719
9857
9967
10038
10103
10157
10217
10377
10423
10580
10682
10768
10904
10958
11053
11143
11227
11285
11309
11367
11426
11426
11538
11588
11588
11630
11630
11672
11703
11763
11783
11797
11847
11868
11887
11914
11939
11982
11982
12030
12047
12071
12103
12123
12153
12181
12181
12187
12230
12275
12305
12350
12372
12378
12378
12399
12450
12450
12516
12535
12559
12572
12596
12619
12650
12673
12692
12702
12717
12717
12774
12791
12803
12817
12825
12845
12873
12904
12924
12956
12956
12989
12989
13050
13064
13083
13114
13129
13148
13167
13167
13212
13231
13231
13263
13263
13263
13286
13309
13310
13319
13319
13324
13339
13345
13353
13353
13377
13379
13382
13384
13387
13387