0
0
0
0
0
0
0
0
0
0
0
0
0
0
0
0
0
0
0
0
0
0
0
0
0
0
0
0
0
0
0
0
0
0
0
0
0
0
0
0
0
0
0
0
0
0
0
0
0
0
0
0
0
0
0
0
0
0
0
0
0
0
0
0
0
0
0
0
0
2
2
3
3
3
3
3
3
3
3
3
5
5
5
5
5
5
5
5
5
5
5
11
11
11
11
11
11
11
11
11
11
15
15
15
15
15
15
15
15
15
15
15
15
15
15
15
23
42
42
42
42
42
42
42
42
42
42
42
42
63
63
63
63
63
63
63
83
83
83
83
83
85
85
85
85
85
104
104
104
104
104
144
144
144
144
144
144
170
170
170
170
170
170
191
191
191
191
191
191
191
191
191
191
269
269
269
303
310
310
310
322
328
328
345
345
361
361
378
378
387
387
387
395
395
395
395
395
400
400
405
408
408
408
409
410
412
412
413
413
416
422
422
426
429
430
430
430
430
431
433
445
445
445
445
448
448
451
460
462
466
466
466
469
469
471
472
472
472
472
473
473
473
473
474
474
476
477
483
485
485
502
506
508
510
513
513
513
514
514
515
515
515
517
524
525
529
529
529
531
536
542
549
550
550
551
553
555
557
557
558
559
560
582
585
589
589
597
606
606
606
612
612
614
615
620
623
624
627
628
630
631
641
641
649
656
662
664
673
673
677
681
681
681
688
689
689
692
692
694
694
698
716
720
720
723
728
729
729
735
741
751
751
761
761
762
762
773
773
786
786
804
804
809
809
818
822
822
833
842
842
884
885
885
885
986
1019
1019
1062
1103
1150
1185
1236
1245
1253
1322
1358
1380
1438
1472
1479
1481
1542
1584
1604
1613
1632
1635
1641
1664
1686
1698
1717
1723
1728
1730
1751
1771
1797
1824
1824
1849
1855
1895
1928
1955
1983
2031
2034
2041
2069
2106
2143
2181
2209
2217
2224
2240
2268
2283
2299
2319
2334
2339
2369
2396
2420
2441
2461
2461
2461
2461
2542
2563
2563
2613
2618
2628
2657
2657
2657
2657
2757
2757
2757
2810
2842
2842
2911
2911
2964
2970
3017
3027
3078
3119
3154
3154
3262
3333
3424
3477
3477
3477
3477
3643
3706
3732
3759
3805
3853
3874
3884
3941
3985
3995
4018
4038
4046
4052
4069
4093
4132
4149
4177
4200
4208
4233
4261