0
0
0
0
0
1
1
1
1
1
1
1
1
1
1
1
1
1
1
1
1
1
1
1
1
1
1
1
1
1
1
1
1
1
1
1
1
1
1
1
1
1
1
1
1
1
2
2
2
3
3
5
7
7
7
33
35
37
51
53
84
87
91
96
96
99
99
103
107
109
109
110
114
114
114
114
115
117
119
119
120
122
122
122
122
122
122
122
122
122
122
122
122
122
122
122
122
122
122
122
122
122
122
122
122
122
122
122
122
122
122
122
122
122
122
122
122
122
122
122
123
123
124
124
124
124
124
124
124
125
125
125
125
125
125
125
125
126
126
126
126
126
126
128
128
128
128
128
129
129
129
129
130
130
130
130
139
141
141
141
141
141
141
141
141
141
141
141
141
141
141
156
156
165
165
166
171
171
171
171
171
197
198
202
202
225
225
226
226
226
234
239
240
240
240
243
243
243
246
248
251
251
268
272
273
273
273
273
273
273
273
273
273
273
273
273
273
273
273
273
273
273
274
274
274
274
274
274
274
274
274
274
274
274
275
275
275
275
275
275
275
275
275
275
275
275
275
275
276
276
277
277
277
278
278
278
278
280
280
281
281
283
283
283
283
283
283
283
283
283
283
285
286
286
286
287
287
287
288
290
290
291
291
291
292
292
292
292
292
294
295
297
300
300
301
301
302
302
302
303
304
304
304
305
306
306
306
307
307
307
308
315
323
326
329
331
335
345
346
348
350
354
356
357
357
359
359
362
362
362
362
362
362
363
363
363
363
363
363
364
364
364
364
366
378
379
381
382
382
383
385
386
387
391
391
392
398
411
426
436
439
439
441
448
453
456
456
458
458
460
460
460
463
463
465
466
466
466
467
470
472
474
474
476
476
478
479
479
479
479
479
479
483
484
484
533
568
593
633
697
741
767
805
820
844
878
909
932
953
987
1011
1011
1124
1163
1225
1264
1305
1325
1325
1505
1541
1578
1578
1578
1753
1788
1817
1872
1872
1968
2147
2233
2378
2440
2440
2477
2546
2689
2689
2752
2915
2915
3028
3604
4081
4515
4515
4696
4874
5218
5480
5771
6389
7013
7444
7747
8193
8848
9359
9975
10555
11063
11761
12641
13402
13790
14520
15361
16299
16971
17621
18179
18717
19237
19743
20223
20695
21141