548
643
920
1406
2075
2877
5509
6087
8141
9802
11891
16630
19716
23707
27440
30587
34110
36814
39829
42354
44386
44759
59895
66358
68413
70513
72434
74211
74619
75077
75550
77001
77022
77241
77754
78166
78600
78928
79356
79932
80136
80261
80386
80537
80690
80770
80823
80860
80887
80921
80932
80945
80977
81003
81033
81058
81102
81156
81250
81305
81435
81498
81591
81661
81782
81897
81999
82122
82198
82279
82361
82432
82511
82543
82602
82665
82718
82809
82883
82941
83014
83134
83213
83306
83356
83403
83760
83787
83805
83817
83853
83868
83884
83899
83909
83912
83918
83940
83944
83956
83959
83959
83964
83966
83968
83970
83975
83976
83990
84010
84011
84018
84024
84029
84038
84044
84054
84063
84063
84063
84063
84081
84084
84095
84102
84103
84106
84106
84123
84128
84146
84154
84161
84160
84171
84177
84186
84191
84195
84198
84209
84216
84228
84286
84335
84378
84422
84458
84494
84494
84553
84572
84624
84653
84673
84701
84725
84743
84757
84780
84785
84816
84830
84838
84857
84871
84889
84917
84950
84992
84992
85071
85117
85117
85226
85246
85327
85402
85418
85503
85622
85708
85906
86045
86202
86381
86570
86783
86990
87213
87489
87655
87827
87985
88099
88206
88328
88460
88580
88672
88793
88906
88958
89045
89144
89214
89279
89375
89441
89494
89527
89567
89616
89654
89695
89718
89752
89784
89814
89836
89863
89895
89914
89933
89953
89986
90008
90025
90058
90078
90087
90100
90127
90145
90168
90197
90219
90235
90253
90294
90311
90334
90369
90381
90399
90409
90424
90441
90456
90483
90505
90528
90545
90567
90584
90604
90629
90652
90667
90687
90728
90751
90778
90812
90830
90858
90869
90905
90925
90955
90972
91006
91022
91044
91073
91108
91128
91151
91175
91222
91271
91299
91339
91366
91397
91452
91478
91509
91552
91591
91622
91665
91693
91719
91752
91783
91807
91828
91850
91872
91885
91906
91935
91977
92037
92116
92211
92296
92402
92488
92586
92681
92814
92902
92993
93113
93221
93348
93467
93577
93670
93782
93898
94025
94124
94217
94328
94427
94537
94626
94734
94821
94953
95050
95150
95228
95298
95383
95460
95541
95632
95720
95797
95876
95963
96023
96086
96160
96246
96310
96398
96484
96562
96690
96824
96920
97095
97275
97448
97616
97775
97939
98164
98323
98544
98786
98886
99047
99247
99402
99541
99655
99746
99848
99968
100063
100127
100177
100226
100268
100318
100348
100389
100435
100475
100494
100527
100559
100578
100599
100624
100639
100666
100684
100705
100727
100758
100784
100808
100832
100851
100885
100924
100965
100990
101013
101037
101055
101076
101097
101132
101149
101175
101194
101225
101292
101349
101378
101421
101443
101460
101481
101498
101518
101533
101560
101582
101603
101623
101646
101663
101676
101692
101710
101732
101754
101799
101821
101861
101901
101920
101953
101984
102012
102027
102056
102078
102103
102118
102135
102167
102201
102242
102264
102293
102300
102333
102351
102367
102384
102399
102419
102446
102474
102494
102517
102530
102549
102560
102571
102586
102596
102613
102625
102643
102660
102671
102681