0
0
0
0
0
0
0
0
0
0
0
0
0
0
0
0
0
0
0
0
0
0
0
0
0
0
0
0
0
0
0
0
0
0
0
0
0
0
0
0
0
0
0
0
0
0
0
0
0
1
1
2
2
2
2
3
4
14
18
23
30
36
45
48
51
51
65
65
81
98
109
134
134
154
154
161
180
180
180
215
223
234
235
241
254
267
287
307
327
332
350
359
377
394
416
442
459
471
491
572
604
674
674
682
705
797
863
937
937
991
1024
1102
1169
1242
1298
1455
1455
1538
1629
1731
1835
1945
2025
2141
2297
2403
2546
2660
2833
2966
3070
3195
3326
3495
3644
3764
3878
4016
4106
4259
4390
4515
4637
4724
4778
4837
4974
5100
5283
5477
5672
5826
5924
6027
6213
6411
6552
6690
6827
6939
7039
7122
7189
7311
7379
7411
7432
7432
7432
7846
7905
7971
8033
8075
8135
8163
8199
8249
8324
8403
8443
8534
8626
8720
8767
8801
8831
8844
8873
8931
9010
9070
9084
9115
9133
9178
9253
9309
9355
9436
9454
9489
9499
9538
9589
9605
9638
9676
9706
9721
9741
9757
9802
9811
9830
9842
9891
9912
9915
9994
10007
10045
10097
10104
10114
10125
10149
10178
10210
10233
10292
10324
10343
10361
10385
10390
10390
10401
10414
10442
10456
10488
10515
10519
10523
10537
10555
10578
10593
10612
10624
10631
10659
10685
10729
10752
10760
10778
10789
10804
10822
10835
10841
10851
10868
10872
10935
10935
10999
11000
11006
11052
11066
11066
11097
11122
11143
11143
11174
11191
11211
11211
11306
11306
11373
11395
11427
11450
11450
11517
11550
11591
11608
11642
11656
11692
11692
11760
11760
11839
11866
11918
12008
12129
12180
12180
12278
12310
12365
12470
12470
12608
12702
12772
12859
12987
13132
13281
13413
13527
13595
13750
13843
13997
14169
14342
14461
14513
14597
14930
15089
15089
15397
15495
15669
15810
16039
16282
16472
16763
16839
16917
17182
17376
17658
17849
17998
18102
18153
18248
18487
18738
18969
19159
19436
19496
19707
20003
20479
20556
20693
20908
21060
21140
21302
21398
21597
21713
21869
21954
22048
22178
22322
22455
22604
22771
22842
23043
23182
23222
23371
23485
23599
23671
23771
23890
24026
24152
24240
24295
24386
24423
24602
24794
24964
25080
25080
25144
25144
25144
25144
25691
25792
25913
25962
26050
26247
26340
26340
26469
26541
26627
26684
26738
26759
26846
26938
27014
27077
27100
27252
27290
27356
27468
27553
27572
27580
27660
27729
27794
27887
27930
28012
28076
28142
28199
28217
28292
28325
28354
28377
28410
28474
28511
28542
28542
28542
28665
28714
28769
28859
28894
28956
28956
29084
29233
29350
29405
29498
29576
29611
29701
29768
29812
29853
29904
29965
30004
30071
30130
30201
30240
30285
30323
30350
30392
30429
30478