0
0
0
0
0
0
0
0
0
0
0
0
0
0
0
0
0
0
0
0
0
0
0
0
0
0
0
0
0
0
0
0
0
0
0
0
0
0
0
0
0
0
0
0
0
0
0
2
3
6
6
14
26
26
33
46
49
67
67
84
95
116
124
132
146
162
179
214
230
262
320
356
396
426
446
465
494
526
564
595
616
633
662
695
715
735
750
761
767
772
784
790
795
804
810
817
822
837
843
850
857
864
872
874
878
883
889
891
892
898
901
903
905
907
910
914
916
917
918
922
923
927
927
935
937
939
939
941
942
944
944
949
952
958
958
960
960
964
970
972
974
975
980
980
983
985
985
985
985
985
985
986
988
990
991
992
992
994
994
996
998
999
999
999
1002
1003
1004
1005
1008
1010
1013
1014
1021
1022
1023
1025
1031
1033
1037
1038
1038
1040
1040
1045
1047
1053
1057
1060
1067
1080
1090
1114
1124
1150
1155
1180
1195
1208
1222
1233
1242
1252
1277
1291
1305
1318
1332
1339
1351
1359
1385
1395
1406
1417
1421
1451
1474
1484
1467
1481
1483
1487
1488
1490
1495
1498
1502
1507
1509
1510
1511
1514
1517
1520
1523
1526
1534
1540
1548
1558
1565
1590
1600
1603
1618
1654
1663
1671
1684
1696
1713
1743
1755
1772
1789
1811
1824
1847
1876
1897
1918
1951
1986
2006
2047
2130
2181
2285
2379
2581
2644
2687
2839
2966
3154
3314
3444
3545
3636
3817
3930
4051
4217
4366
4563
4760
4934
5100
5333
5557
5871
5987
6098
6296
6461
6646
6853
7051
7178
7285
7513
7711
7979
8211
8456
8643
8947
9199
9453
9673
9983
10231
10383
10565
10883
11175
11523
11812
12181
12451
12867
13286
13286
13649
13649
14476
15101
15450
15789
16190
16190
16647
17476
17688
18004
18004
18883
19316
19366
19391
19657
20408
21315
22019
22019
22818
23445
23974
24639
25208
25781
26208
26674
27011
27350
27638
27897
28124
28124
28609
28811
28968
29130
29294
29472
29636
29758
29887
30017
30143
30252
30380
30538
30657
30770
30876
30996
31124
31263
31379
31512
31644
31759
31864
31959
32072
32175
32288
32390
32513
32626
32707
32828
32935
33046
33153
33260
33391
33567
33710
33909
34181
34424
34707
35009
35297
35620
36004
36277
36575
36878
37230
37650
38065
38496
38879
39277
39651
39869
40344
40726
41111
41475
41882
42218
42628
42993
43286
43610
43971
44305
44631
44991
45430
45864
46173
46878
47282
47713
48278
48837
49366
49988
50589
51035
51505
52033
52652
53254
53944
54621
55407
56259
57081
58022
58865
59792
60681
61576
62349
62960
63720
64565
65233
65233
65909
66372
66911
67420
67982
68442
68766
69163
69432
69708
70098
70358
70571