0
0
0
0
0
0
0
0
0
0
0
0
0
0
0
0
0
0
0
0
0
0
0
0
0
0
0
0
0
0
0
0
0
0
0
0
0
0
0
3
3
5
8
12
18
19
31
31
41
91
94
141
189
253
298
396
464
694
833
995
1120
1236
1394
1654
1925
2279
2631
2817
3001
3308
3508
3858
4091
4472
4587
4822
5017
5312
5569
5732
5831
5991
6059
6111
6216
6433
6549
6606
6746
6900
7033
7132
7187
7273
7352
7404
7445
7504
7579
7682
7737
7755
7781
7819
7896
7974
8031
8077
8095
8123
8176
8221
8269
8351
8406
8455
8475
8586
8647
8721
8754
8813
8890
8955
9002
9050
9086
9140
9196
9230
9268
9302
9364
9438
9494
9529
9567
9628
9697
9751
9824
9855
9938
9991
10024
10064
10111
10162
10280
10406
10448
10498
10523
10650
10777
10870
11038
11298
11603
11805
11954
12046
12178
12319
12440
12515
12566
12685
12814
12919
13001
13115
13174
13238
13341
13475
13612
13742
13855
13945
14098
14324
14570
14800
15081
15212
15324
15516
15799
16093
16371
16574
16699
16800
17008
17286
17529
17731
18060
18235
18353
18494
18783
19075
19401
19693
19891
20012
20202
20483
20798
21045
21551
21790
21923
22181
22548
22951
23169
23777
24094
24367
24618
25117
25773
26452
27249
27752
28156
28716
29877
31036
32413
33860
35401
36188
37222
38896
41032
44155
46262
48306
49290
50764
53158
55464
58374
61318
63294
64597
65883
67843
70763
74255
78051
80605
82446
85566
90022
95360
100757
109374
114005
117110
121421
129747
139290
149010
160112
168827
173885
181962
193946
208915
223065
238323
250797
258097
268370
284033
297013
310068
323673
335102
341644
350896
362985
378716
391945
403497
411220
414828
417181
429880
438805
446675
454030
458229
460116
465523
469769
475284
481755
487563
490750
492263
496638
502534
505215
511520
515984
518649
519723
523298
528474
533042
537663
542406
544179
546833
546833
551070
556927
563333
569205
575422
579079
581079
586251
594148
602404
610006
618836
624140
627523
635414
646312
660461
664863
667569
670599
674340
685202
701622
718661
732022
735469
740481
746714
759635
776967
794740
809601
822716
831165
835454
844799
855600
866522
874605
883906
889159
891852
899503
909131
917359
924847
933361
937617
940004
946946
956155
964660
972642
980714
984774
987329
994514
1003657
1013352
1021477
1030112
1034975
1037405
1045132
1055415
1064952
1073966
1082849
1088009
1090860
1099654
1112322
1123252
1134957
1146321
1153159
1157180
1168491
1184352
1198168
1212780
1227595
1235480
1240051
1252242
1269058
1284288
1299002
1312164
1321331
1325291
1335815
1351195
1365724
1376998
1392108
1399078
1402420
1412962
1426991
1439019
1449696
1459406
1469547
1467333
1475538
1486510
1495361
1503307
1511021
1515029
1516772
1523668
1532332
1539617
1545865
1549734
1551896
1553820
1555245
1560777
1567848
1573153
1577972
1580189
1581184
1585037
1590124
1593847
1597103
1600341
1601881
1602711
1606030
1609861
1612832
1615461
1618068
1619383
1620206
1622777
1626033
1628536
1630758
1632932
1634114
1634619
1636836
1639248
1641120
1642696
1644335
1645061
1645448
1646981
1648667
1649947