0
0
0
0
0
0
0
0
0
0
0
0
0
0
0
0
0
0
0
0
0
0
0
0
0
0
0
0
0
0
0
0
0
0
0
0
1
1
3
4
4
6
11
11
24
24
37
92
264
444
617
804
836
875
933
1025
1116
1225
1337
1420
1514
1572
1718
1862
2023
2200
2366
2564
2755
3039
3290
3573
3946
4269
4561
4875
5266
5597
5830
6014
6191
6369
6513
6706
6876
7074
7268
7437
7580
7711
7891
8108
8271
8408
8643
8773
8896
9049
9206
9356
9509
9605
9721
9868
10019
10136
10281
10416
10517
10627
10711
10789
10865
10911
10989
11056
11125
11166
11242
11315
11380
11428
11487
11559
11586
11627
11680
11712
11793
11833
11869
11899
11934
11971
12011
12075
12124
12148
12162
12201
12216
12235
12299
12339
12393
12417
12450
12494
12544
12591
12591
12591
12727
12761
12815
12836
12875
12875
12875
12951
12968
12994
13015
13032
13032
13033
13079
13089
13101
13117
13147
13147
13147
13238
13262
13293
13325
13374
13374
13377
13466
13506
13554
13594
13642
13643
13665
13775
13811
13868
13964
14028
14028
14028
14235
14314
14440
14586
14747
14751
14759
15135
15291
15423
15590
15758
15867
16003
16127
16246
16336
16453
16525
16637
16715
16821
16905
16962
17052
17125
17204
17316
17410
17509
17620
17800
17974
18163
18310
18540
18784
19036
19353
19646
19989
20327
20674
21013
21013
21836
22291
22881
23353
23774
24261
24822
25385
26066
26687
27111
27546
27941
28479
28882
29418
29789
30168
30546
30868
31201
31648
32131
32575
32915
33304
33594
34087
34519
34939
35440
35893
36345
36877
37507
38270
39129
39918
40863
41919
42668
43685
44545
45736
46863
47811
48753
50106
51042
52265
53692
54742
55635
56406
57472
58466
59478
60515
61593
62652
63847
65067
66324
67621
68878
70152
71003
72172
73539
74722
75913
77236
78874
79872
81002
82470
84056
85663
87266
89382
91131
93177
95332
97895
101027
104103
107660
110305
113642
116636
120330
124366
128874
132164
134999
138204
140750
144053
146927
149926
151764
153952
156434
159074
161862
164116
166567
168182
169358
171436
173433
175663
177507
179170
180915
182161
183400
184476
185835
185836
187998
188878
189767
190574
191299
192187
192947
193720
194599
195353
195978
196632
197224
197892
198348
198779
199156
199644
200041
200466
201020
201458
201871
202307
202737
203104
203574
204052
204480
204754
205049
205486
205871
206285
206753
207305
207769
208265
208715
209244
209767
210370
210900
211420
211883
212380
212912
213486
214007
214621
215015
215528
215955
216482
218489
219351
219996
220609
221151
221763
222534
223321
224107
224950
225540
226197
227469
227723
225722
226536
227325
227741
228705
229384
230594
231295
231957
232665
233410
234010
234489
235009
235623
236340
237038
237793
238484
238998
239561
240225
241023
241700
242424
243326
244067
244759
245562
246455
247157
247704
248316
249020
249644
250479
251248
251249
252740
253607
254368
255178
255181
257181
258204
258881
259755
260687
261613
262859
264214