0
0
0
0
0
0
0
0
0
0
0
0
0
0
0
0
0
0
0
0
0
0
0
0
0
0
0
0
0
0
0
0
0
0
0
0
0
0
0
0
0
0
0
0
0
0
0
0
0
0
0
0
0
0
0
0
0
1
1
3
3
3
5
9
13
13
19
24
30
32
32
41
46
56
62
69
78
93
103
117
118
125
137
149
159
164
177
190
201
218
225
237
250
274
274
298
323
345
377
395
424
446
490
555
587
633
695
742
784
889
958
998
1037
1112
1210
1265
1338
1413
1498
1571
1640
1725
1819
1915
1983
2042
2109
2194
2278
2395
2517
2582
2653
2705
2781
2849
2934
3015
3104
3191
3274
3373
3481
3603
3720
3826
3941
4066
4200
4329
4475
4626
4808
4973
5150
5336
5517
5727
5934
6173
6438
6736
7000
7267
7507
7777
8027
8307
8566
8844
9142
9391
9674
9978
10303
10645
10957
11207
11508
11846
12207
12582
12975
13377
13792
14221
14630
15035
15446
15841
16230
16632
17050
17448
17843
18262
18701
19126
19544
19978
20423
20872
21269
21644
21993
22314
22619
22912
23193
23462
23717
23964
24200
24420
24622
24811
24986
25140
25284
25415
25537
25635
25729
25820
25904
26000
26099
26206
26308
26413
26511
26602
26688
26773
26851
26928
27009
27088
27163
27249
27346
27428
27553
27798
27954
28201
28415
28630
28722
28630
28809
28981
29077
29175
29269
29358
29450
29539
29634
29737
29842
29951
30070
30196
30335
30480
30766
31061
31265
31456
31666
31826
31975
32120
32262
32421
32585
32752
32925
33090
33264
33445
33631
33826
34015
34214
34404
34577
34782
34966
35145
35326
35509
35684
35862
36030
36195
36358
36516
36669
36819
36965
37109
37250
37404
37562
37719
37884
38058
38228
38405
38586
38758
38941
39130
39327
39515
39718
39930
40131
40345
40551
40741
40946
41163
41394
41631
41880
42132
42397
42641
42914
43195
43477
43772
44058
44328
44619
44892
44892
45157
45415
45684
45960
46242
46515
46803
46803
47087
47355
47645
47948
48255
48574
48905
49224
49539
49859
50157
50467
50784
51107
51437
51772
52094
52388
52672
52949
53218
53479
53738
53989
54241
54488
54723
54966
55195
55416
55623
55821
56025
56237
56442
56653
56859
57046
57229
57428
57638
57839
58023
58200
58374
58546
58728
58903
59071
59235
59396
59555
59712
59866
60021
60181
60337
60491
60640
60800
60952
61101
61251
61398
61539
61677
61814
61947
62086
62229
62377
62531
62691
62853
63017
63188
63344
63490
63631
63766
63900
64039
64168
64298
64431
64573
64726
64875
65030
65180
65337
65491
65491
65491
65491
65491
65491
66489
66489
66816
66956
67099
67249
67404
67557
67557
67851
68007
68161
68318
68468
68468
68468
68922
68922
69198
69198
69198
69198
69727
69727
69997
69997
70255
70255
70380
70380
70380
70915
70915