0
0
0
0
0
0
0
0
0
0
0
0
0
0
0
0
0
0
0
0
0
0
0
0
0
0
0
0
0
0
0
0
0
0
0
0
0
0
0
0
0
0
0
0
0
0
0
0
0
0
0
0
0
1
1
1
4
6
6
6
6
9
9
9
12
12
12
12
12
12
15
15
16
16
16
16
16
18
18
18
18
21
21
41
51
51
79
79
79
79
83
84
84
214
258
258
258
315
315
315
315
315
315
315
315
439
439
439
439
439
439
439
522
583
594
594
594
719
825
890
903
960
960
960
1043
1043
1043
1043
1306
1306
1306
1306
1306
1306
1306
1306
1306
1306
1306
1306
1306
1306
1306
1306
1306
1306
1664
1664
1664
1664
1664
1664
1664
1664
1664
2001
2001
2001
2001
2001
2001
2001
3071
3071
3071
3071
3071
3071
3071
3071
3071
3071
3071
3071
3071
3071
3071
3071
3071
3071
3071
3071
3071
3071
3071
3071
3071
3071
3071
3071
3071
4821
4821
4821
4821
4821
4821
4821
4821
4821
4821
4821
4821
4821
4821
4821
4821
4821
4821
4821
4892
4892
4926
4926
4926
4926
4926
4928
4928
4941
4941
4941
4941
4965
4965
4965
4972
4972
4972
4985
4985
4990
4990
4996
4996
4996
5000
5000
5000
5002
5002
5002
5002
5002
5018
5018
5018
5018
5028
5028
5028
5030
5030
5045
5045
5045
5045
5045
5052
5052
5062
5063
5063
5063
5066
5066
5068
5068
5068
5070
5070
5070
5074
5074
5074
5074
5079
5079
5079
5083
5083
5083
5083
5088
5088
5089
5089
5089
5092
5092
5092
5092
5092
5102
5102
5104
5104
5104
5104
5104
5121
5121
5121
5121
5130
5130
5137
5137
5137
5146
5146
5153
5153
5153
5156
5156
5159
5159
5159
5159
5166
5166
5183
5183
5183
5185
5185
5185
5195
5195
5214
5214
5214
5214
5231
5231
5236
5236
5236
5236
5248
5248
5248
5264
5277
5277
5277
5277
5279
5279
5286
5286
5289
5289
5289
5296
5296
5316
5316
5316
5356
5356
5365
5365
5365
5365
5401
5401
5401
5454
5454
5492
5492
5516
5516
5516
5534
5534
5534
5534
5578
5578
5578
5614
5614
5658
5663
5663
5694
5694
5694
5694
5694
5747
5747
5798
5798
5798
5852
5852
5852
5957
6005
6005
6095
6095
6210
6210
6210
6329
6329
6371
6371
6371
6456
6456
6562
6562
6562
6603
6603
6666
6666
6736
6736
6780
6780
6851
6851
6851
6902
6902
6914
6914
6914
7008
7008
7008
7008
7059
7059
7059
7059
7059
7219
7219
7219
7219
7259
7259
7259
7259
7259
7259
7505
7505
7505
7559
7559
7559
7559
7559
7559
7694
7694
7694
7694
7694
7694
7694
7694
7694
7694
7694
7694
7694
7694
7694