0
0
0
0
0
0
0
0
0
0
0
0
0
0
0
0
0
0
0
0
0
0
0
0
0
0
0
0
0
0
0
0
0
0
0
0
1
1
1
1
1
2
2
3
10
10
10
10
12
16
16
79
115
171
205
225
258
267
283
306
326
352
369
404
538
575
645
679
715
745
779
858
961
1039
1097
1108
1149
1185
1207
1258
1304
1309
1332
1373
1400
1434
1459
1512
1528
1535
1552
1559
1592
1605
1635
1643
1647
1660
1666
1689
1694
1699
1700
1703
1711
1713
1720
1725
1733
1739
1741
1746
1751
1758
1766
1770
1774
1784
1791
1794
1800
1807
1821
1823
1824
1834
1840
1851
1859
1865
1869
1870
1870
1880
1890
1910
1931
1939
1940
1947
1958
1965
1970
1973
1973
1974
1975
1977
1977
1979
1981
1981
1981
1982
1983
1984
1986
1986
1987
1987
1989
1989
1990
1991
1993
1993
1994
1995
2003
2011
2013
2014
2014
2014
2015
2016
2016
2020
2021
2021
2021
2022
2025
2027
2028
2033
2034
2034
2038
2042
2051
2064
2072
2079
2080
2091
2113
2124
2133
2147
2152
2158
2167
2174
2174
2177
2184
2190
2192
2200
2207
2227
2244
2265
2272
2275
2294
2311
2325
2343
2363
2373
2375
2395
2415
2441
2456
2491
2516
2532
2564
2585
2600
2632
2655
2676
2698
2722
2756
2778
2814
2875
2924
2941
2976
3033
3076
3118
3165
3200
3267
3315
3371
3450
3507
3577
3607
3617
3659
3715
3760
3809
3846
3865
3883
3908
3947
3980
4017
4052
4078
4085
4127
4171
4247
4300
4351
4411
4428
4465
4590
4671
4771
4905
4985
5046
5125
5333
5464
5705
5933
6125
6250
6376
6508
6881
7148
7412
7637
7848
8033
8304
8715
9076
9375
9724
9956
10159
10541
10955
11323
11698
12052
12308
12497
13019
13469
13939
14500
14978
15226
15510
16054
16598
16956
17713
18055
18385
18682
19271
20004
20658
21219
21794
22083
22647
23309
24009
24582
25027
25392
25808
26283
27256
27990
28406
28789
29131
29521
29950
30667
31751
32537
33089
33516
33805
34138
34991
35621
36096
36691
37079
37344
37941
38544
39212
39701
40184
40716
40975
41330
41966
42656
43343
43747
44208
44575
44978
45663
46334
46925
47512
47928
48267
48809
49605
50280
50993
51749
52416
52827
53444
54300
55295
56246
57033
57616
58445
59407
60475
61627
62830
64399
65600
66628
67739
69193
70610
72144
73684
75003
76183
77491
78973
80929
82286
83872
84807
86086
87548
89331
91031
92780
94028
95401
96394
97456
99008
100437
101587
102738
103630
104214
105416
106424
107253
108418
108937
109399
109781
110680
111664
112421
113098
113736
114174
114443
115080
115629
116200
116678
117011
117554
117782
118317
118789
119218
119610
120000
120215
120378
120836
121232
121657
122019
122450
122685
122943
123344
123781
124147
124529
124901
125126
125337
125696
126064
126364