0
0
0
0
0
0
0
0
0
0
0
0
0
0
0
0
0
0
0
0
0
0
0
0
0
0
0
0
0
0
0
0
0
0
0
0
0
0
0
0
0
0
0
0
0
0
0
0
0
0
0
0
1
1
1
1
1
1
1
1
4
4
4
4
6
9
9
9
9
9
9
9
9
9
9
10
10
12
12
12
12
14
15
15
15
16
16
22
22
24
31
31
31
36
56
59
65
71
91
100
106
108
112
116
119
123
153
159
163
172
175
184
187
187
190
202
203
205
208
217
220
225
238
250
256
261
272
279
279
283
285
293
294
295
300
305
322
333
340
371
398
449
472
486
490
506
520
563
586
623
627
635
643
674
690
706
728
745
781
795
812
840
873
909
954
988
1011
1056
1138
1213
1257
1311
1351
1389
1434
1489
1552
1619
1729
1793
1826
1894
1938
2021
2073
2142
2207
2316
2404
2551
2577
2648
2706
2775
2838
2856
2909
2968
3036
3128
3236
3309
3410
3525
3599
3670
3745
3839
3894
3989
4058
4110
4128
4189
4225
4304
4327
4387
4433
4461
4510
4561
4577
4618
4668
4720
4780
4819
4853
4884
4904
4936
4994
5025
5050
5075
5104
5128
5155
5191
5215
5245
5269
5282
5307
5343
5375
5399
5419
5431
5452
5462
5482
5500
5521
5530
5569
5579
5598
5617
5632
5644
5660
5669
5683
5696
5715
5733
5746
5765
5780
5788
5800
5805
5814
5831
5847
5854
5863
5875
5886
5899
5909
5917
5925
5929
5942
5955
5967
5976
5989
6003
6013
6024
6044
6060
6076
6093
6095
6105
6124
6144
6156
6185
6205
6219
6233
6247
6272
6329
6362
6406
6410
6419
6442
6455
6474
6480
6495
6501
6529
6563
6612
6633
6685
6714
6768
6825
6912
7026
7093
7202
7305
7427
7562
7715
7868
8032
8170
8367
8484
8687
8934
9146
9358
9482
9711
9943
10138
10338
10539
10773
10975
11180
11435
11711
11919
12124
12327
12532
12736
12944
13187
13443
13789
14017
14219
14330
14484
14622
14830
15051
15283
15471
15666
15711
15804
15878
15974
16045
16137
16181
16204
16234
16288
16341
16396
16455
16488
16535
16576
16606
16673
16709
16742
16764
16789
16807
16839
16897
16946
16972
17002
17014
17025
17086
17103
17129
17155
17173
17184
17188
17191
17203
17215
17225
17234
17237
17239
17243
17257
17267
17274
17283
17286
17290
17296
17301
17306
17312
17318
17321
17326
17333
17337
17344
17347
17349
17352
17354
17358
17365
17367
17370
17373
17376
18393
18402
18407
18412
18414
18415
18417
18417
18417
18423
18426
18434
18440
18442
18443
18448
18452
18458
18458
18458
18458
18460
18461
18467
18473
18474
18477
18480
18482
18487
18492
18497