0
0
0
0
0
0
0
0
0
0
0
0
0
0
0
0
0
0
0
0
0
0
0
0
0
0
0
0
0
0
0
0
0
0
0
0
0
0
0
0
0
0
0
0
0
0
0
0
0
0
0
1
1
1
5
5
6
6
9
9
11
11
12
12
12
16
16
21
23
26
29
29
35
38
43
44
52
55
56
65
69
71
74
82
85
92
96
105
108
111
114
116
116
117
122
123
124
126
130
131
133
133
135
140
145
162
191
194
210
239
250
261
263
272
287
306
317
352
365
389
399
433
494
582
655
701
731
831
968
1063
1172
1257
1344
1486
1636
1805
1934
2020
2156
2336
2506
2670
2915
3166
3345
3521
3630
3759
3954
4070
4469
4532
4663
4848
5034
5175
5425
5570
5689
5846
5846
5846
5846
5846
5846
5846
5846
5846
6774
6973
7120
7402
7560
7766
7969
8181
8475
8803
9147
9503
10207
11072
11524
11933
12693
13248
13968
14547
15200
15810
16615
17530
17999
18706
19289
19877
20336
20900
21452
22253
22818
23591
24175
25118
26204
27242
28894
29876
31336
32722
34058
35836
37665
39033
40671
42143
43688
45221
46407
48140
49654
51122
52131
53304
54409
55213
56516
57466
58672
59648
60784
61700
62578
63367
63888
64301
64786
65486
66224
66913
67515
68131
68820
69709
70422
71083
71687
72173
72700
73332
73944
74584
75368
76098
76988
77860
78819
79437
80003
80895
81797
82662
83429
84295
85136
85718
86430
87169
87834
88434
89137
89860
90490
91118
91693
92229
92858
93343
93707
94218
94820
95301
95789
96169
96583
96942
97502
97881
98391
98746
99201
99675
99982
100327
100727
101248
101757
102321
102720
103056
103395
103928
104427
104879
105352
105785
106203
106591
107109
107669
108438
108930
109534
110074
110554
110984
111579
112091
112740
113295
113735
114266
114834
115360
115782
116297
116769
117242
117542
118006
118481
119025
119494
119951
120348
120638
120989
121399
121880
122413
122864
123145
123388
123856
124264
124652
125049
125622
125919
126241
126786
127227
127572
127792
128316
128616
128992
129455
129922
130326
130772
131195
131546
131727
132034
132326
132881
133298
133767
134132
134569
135045
135594
136365
137021
137650
138384
138861
139408
140157
140883
141453
142338
142994
143566
144249
144862
145548
145704
147092
147825
148490
149308
150179
151016
151857
152806
153541
154257
155234
156112
157047
158053
159072
159972
160813
161974
162954
164073
165029
166138
167133
168335
169878
171210
172571
174054
175467
176618
178108
179812
181869
183863
185641
187365
188902
190594
192575
194524
196621
198794
200563
202545
204521
206589
208961
211314
213311
215189
217327
219381
221544
223665
225516
227255
228996
230944
232512
234405
236554
238527
240236
242028
243631
245155
246484
247989
249292
250955
252279
253120
254044
255288
256418
257442
258062
258384
258813
259354
260139
260802
261580
262217
262702
263120
263672
264367
264960