0
0
0
0
0
0
0
0
0
0
0
0
0
0
0
0
0
0
0
0
0
0
0
0
0
0
0
0
0
0
0
0
0
0
0
0
0
0
0
0
0
0
0
0
0
0
0
0
0
0
0
0
0
0
0
1
1
1
1
1
1
2
3
3
3
3
3
4
4
4
4
4
4
4
4
4
4
4
4
4
9
9
9
9
9
9
9
9
10
10
10
10
10
10
10
10
10
10
10
11
12
17
17
17
17
17
18
20
20
20
22
22
23
23
23
23
23
24
24
24
24
25
25
25
25
25
25
25
25
25
25
25
25
26
26
26
26
26
28
28
28
28
28
28
28
30
34
34
36
36
37
37
41
42
42
43
43
44
45
47
49
49
55
55
57
57
61
61
61
63
64
64
64
64
64
64
78
78
93
93
112
112
146
170
216
277
277
326
326
326
403
498
498
498
498
671
799
935
1090
1090
1235
1235
1346
1477
1556
1623
1689
1872
1872
2116
2288
2401
2437
2437
2685
2585
2686
2708
2743
2797
2895
2963
2963
3029
3067
3101
3120
3150
3197
3197
3275
3293
3330
3362
3376
3405
3405
3428
3440
3473
3485
3504
3526
3526
3540
3542
3552
3555
3555
3569
3569
3579
3579
3584
3585
3590
3594
3594
3613
3613
3617
3621
3628
3632
3636
3636
3642
3644
3649
3649
3649
3649
3655
3657
3659
3659
3659
3660
3665
3666
3666
3666
3670
3672
3672
3672
3679
3680
3681
3684
3684
3684
3696
3696
3697
3697
3698
3702
3702
3705
3705
3705
3705
3706
3726
3726
3726
3726
3727
3728
3731
3731
3734
3742
3743
3765
3767
3768
3770
3770
3770
3776
3776
3777
3779
3779
3782
3782
3785
3786
3786
3786
3786
3786
3786
3791
3791
3791
3791
3791
3793
3793
3797
3797
3797
3800
3800
3800
3800
3812
3812
3833
3838
3841
3857
3857
3876
3885
3893
3897
3897
3910
3933
3938
3938
3950
3958
3958
3972
4008
4012
4019
4019
4019
4090
4090
4139
4139
4184
4184
4184
4237
4237
4302
4302
4302
4302
4302
4302
4414
4414
4469
4469
4510
4543
4554
4554
4554
4612
4640
4671
4691
4691
4712
4712
4712
4735
4759
4759
4759
4759
4792
4792
4792
4792
4939
4985
4985
5019
5019
5085
5122
5153
5153
5255
5255
5255
5303
5303
5365
5365
5401
5420
5447
5459
5459
5459
5505
5505
5505
5564
5564
5564
5564
5602
5602
5602
5602
5682
5694
5720
5720
5720
5720
5784
5788
5820
5820
5857
5857
5857
5882
5885
5887
5898
5898
5901
5901
5914
5914
5925
5925
5925
5929
5929
5934
5934
5934