0
0
0
0
0
1
4
4
4
5
8
10
12
12
12
12
13
13
14
14
16
16
16
16
16
16
16
16
16
16
16
16
16
16
17
27
46
48
79
130
159
196
262
482
670
799
1040
1176
1457
1908
2078
3675
4585
5795
7272
9257
12327
15320
19848
22213
24873
29056
32986
37323
43938
50871
57695
62095
66885
71808
77872
84794
91159
96092
100123
103374
107663
113296
118181
122171
124908
127854
130072
131359
134753
137698
141397
143342
145184
147065
148291
150648
153129
154999
156513
157770
158758
159912
161539
163009
164077
164967
165664
166152
167007
168162
169430
170588
171324
171879
172576
173171
174098
174478
175233
175752
176369
176551
177778
178473
179021
179710
179986
180328
180600
181200
181524
182196
182922
183189
183410
183594
183879
184121
184472
184924
185450
185750
186109
186506
186522
186691
187226
187267
187518
187682
188252
188604
189817
190299
190670
191272
191768
192480
192871
193371
194036
194458
194693
195042
195418
195893
196370
196780
197198
197523
198064
198343
198699
199001
199332
199709
199919
200180
200456
200890
201450
202045
202426
202735
203325
203717
204276
204881
205623
206278
206667
207112
207707
208546
209535
210399
211005
211220
212111
212828
214113
215039
216196
216903
217288
218508
219540
220859
222281
223791
224488
225007
226700
228120
229706
231292
233029
233861
234494
236122
237583
239010
240571
242126
242835
243305
244802
246015
247411
248840
250283
251058
251728
253626
254957
256433
258149
259735
260817
261737
263222
265014
266869
269048
271247
272932
273965
275560
277412
279025
281346
283712
285026
286339
288631
290471
292913
295539
298374
300027
301573
304673
307127
311137
315941
320495
323463
326309
332850
337314
344487
352107
359802
364664
368671
377068
385591
397922
403874
417350
427808
437698
450258
463419
479621
498354
517736
531790
544346
569598
577131
608611
631172
653992
668114
682624
689146
715693
738094
762832
785093
799733
802946
817526
843757
867484
891525
914118
927990
932367
946822
963192
995879
1017830
1038649
1052494
1055691
1069912
1094678
1117953
1141544
1157514
1183640
1194550
1200006
1229269
1254358
1287092
1314309
1336101
1350810
1357261
1391086
1423830
1454009
1486839
1508518
1514962
1534218
1570371
1604129
1630596
1632736
1646240
1658639
1672643
1692109
1741153
1760520
1762637
1773540
1783896
1796216
1814565
1841228
1886561
1905638
1928462
1929410
1941116
1968326
1993892
2015235
2023828
2038645
2050129
2059382
2071615
2100618
2108895
2125261
2137691
2147769
2154656
2164043
2179679
2194562
2207393
2224911
2225659
2232327
2240017
2252504
2265536
2276371
2285003
2291673
2296323
2302051
2311297
2321225
2330422
2336906
2341744
2346876
2352766
2362364
2372209
2381259
2388421
2394515
2399499
2405263
2416037
2427069
2436506
2444177
2450295
2455569
2462061
2472913
2484306
2493887
2502151
2508655
2513784
2520618
2541781
2546526
2559296
2569864
2578842
2585385
2603064
2610769
2639258
2654734
2669233
2670001
2678262
2699231
2722988
2744608
2765297
2782925
2784652
2794949
2818630
2843644
2866323
2882356
2886029
2896329
2902309
2909902
2940279
2966789
2990724
3009452
3012158
3024604
3054025
3085142
3110252
3134108
3154305
3155522
3167137
3198534
3222888
3254609
3276871
3291293
3306692
3312653
3338564
3366827
3391039
3405365
3423900
3432676
3438186
3462297
3484755
3502672
3517762
3530887
3530887
3538208
3557904
3564494
3578125