0
0
0
0
0
0
0
0
0
0
0
0
0
0
0
0
0
0
0
0
0
0
0
0
0
0
0
0
0
0
0
0
0
0
0
0
0
0
0
0
0
0
0
0
0
0
0
0
0
0
0
0
3
6
6
7
7
11
16
19
23
27
53
93
132
137
141
152
152
161
195
204
205
205
214
214
287
313
378
378
408
566
566
636
636
641
641
834
1042
1042
1042
1154
1154
1279
1279
1550
1550
1671
1671
2074
2074
2169
2169
2719
2719
3091
3091
4012
4263
4263
4700
5127
5408
5530
5638
5735
5735
5735
6096
6269
6269
6486
6617
6683
6808
7117
7303
7303
7616
7768
8070
8070
8297
8548
8885
9168
9462
9638
9910
10201
10201
10358
10856
11118
11964
11964
12193
12590
12929
13203
13717
14154
14154
14568
15013
15473
15834
16431
16742
17351
17741
18134
18134
19388
19388
20085
21077
21968
22822
23463
23834
24248
24518
24988
24988
25430
26125
26572
27060
27667
28430
28989
29672
29672
31057
31851
32969
33624
34406
35142
35142
35501
37014
37014
37812
37812
39075
39642
40097
40533
41003
41212
41404
41572
41725
41847
42210
42532
42653
42993
43094
43260
43325
43325
43505
43622
43717
43769
43841
43949
44118
44205
44298
44460
44658
44713
44777
44777
44777
44869
45012
45313
45313
45388
45434
45434
45601
45655
45655
45714
45760
45877
46004
46062
46062
46153
46222
46222
46222
46387
46444
46482
46626
46656
46694
46803
46829
46829
46829
46829
46947
46987
47005
47005
47030
47126
47126
47173
47173
47232
47310
47372
47461
47461
47538
47601
47690
47690
47775
47775
47775
48055
48055
48055
48124
48200
48200
48643
48788
48788
48904
49102
49202
49302
49302
49957
50018
50018
50123
50376
50376
50457
50631
50631
50717
50874
50941
51184
51225
51225
51225
51379
51569
51667
51667
51667
51667
52096
52096
52274
52274
52500
52622
52738
52738
52933
52933
53014
53270
53386
53553
53653
53653
53653
53954
53954
54043
54043
54043
54286
54401
54503
54681
54771
54771
54930
55064
55168
55168
55168
55168
55461
55461
55772
55772
56230
56421
56981
56981
56981
56981
57714
58065
58431
58431
59480
59480
60115
60794
62135
62135
62751
63883
63883
65427
67010
67010
67782
68559
69255
70046
70046
70768
72328
73003
73003
73557
74347
75836
75836
76492
77046
78271
78689
79165
79655
80253
80759
80759
81245
81673
82586
82586
84023
84023
84023
84349
85239
85239
86092
86465
86465
86737
86737
86737
86737
87480
87762
87985
88228
88421
88421
89008
89276
89682
89682
89893
89893
89999
90287
90287
90287
90287
90287
90583
90583
90674
90674
90782
90900
90946
91009
91109
91109
91260
91260
91260
91410
91477
91545
91545
91663
91709
91709
91709
91783
91928
91928
91928
92166
92253
92464
92513
92562
92562
92601
92601
92683
92740
92828
92828
92856
92856
92951
93011
93011
93125
93159