0
0
0
0
0
0
0
0
0
0
0
0
0
0
0
0
0
0
0
0
0
0
0
0
0
0
0
0
0
0
0
0
0
0
0
1
3
4
4
7
7
7
9
31
45
46
73
73
89
99
99
190
228
331
331
387
418
418
495
530
624
695
743
821
892
966
1061
1156
1212
1314
1415
1544
1613
1673
1735
1755
1832
1884
1955
2011
2081
2114
2145
2170
2192
2207
2224
2235
2235
2245
2401
2408
2463
2490
2506
2517
2534
2566
2576
2591
2612
2620
2626
2632
2642
2663
2678
2691
2710
2716
2726
2744
2760
2770
2810
2819
2834
2836
2840
2850
2853
2874
2876
2878
2882
2892
2903
2906
2909
2915
2917
2918
2937
2937
2952
2967
2980
2997
3049
3058
3068
3088
3108
3112
3121
3134
3148
3203
3227
3237
3256
3266
3287
3302
3310
3321
3343
3366
3376
3390
3409
3432
3458
3486
3511
3519
3562
3589
3622
3672
3732
3772
3803
3826
3883
3910
3939
3964
3983
4007
4012
4048
4077
4110
4135
4166
4193
4227
4279
4336
4401
4477
4587
4662
4737
4855
4974
5123
5270
5421
5623
5749
5942
6177
6381
6632
6858
7075
7222
7472
7684
7934
8138
8381
8664
8819
8987
9280
9531
9800
9977
10134
10317
10524
10757
10998
11200
11386
11524
11663
11832
12080
12452
12734
13036
13240
13420
13730
14041
14400
14738
14978
15142
15595
15928
16286
16627
16913
17228
17444
17707
18123
18475
18886
19346
19613
19842
20142
20541
20947
21381
21772
22078
22358
22652
23060
23495
23947
24450
24932
25370
25802
26469
27334
28216
29057
29992
30782
31496
32752
34299
35510
37196
39251
40929
42080
44246
46892
49807
52254
54809
56698
58187
60570
63321
66637
69675
72510
74205
76403
78825
82034
85261
87812
90121
91619
93006
95137
97288
99306
101287
103034
104227
105271
107470
109655
111537
113185
114568
115471
116721
118045
119720
121253
122648
123842
124534
125173
126372
127557
128710
129584
130485
131072
131597
132430
133365
134235
134852
135114
135456
135931
136976
137918
138850
139447
139709
140099
140526
141453
142267
142777
143494
144293
144738
145179
146020
146688
147283
147860
148370
148607
148925
149462
149973
150479
151041
151646
151980
152412
153226
154083
154796
155678
156473
156957
157495
158716
159866
160935
162107
163213
163946
164575
166067
167549
168872
170244
171466
172128
172824
173905
174659
176059
177494
178918
179802
180672
182783
184686
186469
188201
189831
191100
192270
194582
197279
199496
201677
203978
205120
206281
209462
212091
214661
217018
219521
221147
222281
223789
227247
230317
233079
235611
237125
238830
242347
245405
247992
249458
252590
254031
255755
260077
263689
267172
270230
273459
275414
277277
281570
285015
288230
290964
293763
295480
297086
301103
304184
308006
311033
313444
315273
316879
320629
323639
326395
329134
331730
333129
334436
337723
340493
342908
345033
346422
346422
348568
349936
352027
355445
358116
360577
362004
363904
367076
369554
371712