0
0
0
0
0
0
0
0
0
0
0
0
0
0
0
0
0
0
0
0
0
0
0
0
0
0
0
0
0
0
0
0
0
0
0
0
0
0
0
0
0
0
0
0
0
0
0
0
0
0
0
0
1
1
2
6
6
9
12
17
19
20
21
24
25
28
34
34
36
38
39
47
50
61
61
70
77
87
95
126
137
155
156
167
180
196
214
235
257
289
294
316
384
430
473
500
530
530
557
599
644
688
703
730
763
798
832
900
967
1052
1114
1199
1342
1518
1643
1763
1763
1912
2133
2265
2512
2743
3054
3424
3760
3954
4145
4348
4607
4739
5087
5336
5586
5760
6154
6485
6792
7055
7502
7866
8221
8561
8982
9491
9845
10272
10706
11251
11868
12509
12755
13145
13769
14540
14819
15619
15828
16397
16930
17409
18096
19011
20072
21293
22501
23248
23972
24787
25411
26658
27619
28598
29355
29742
30872
32074
32939
33809
38042
38677
39039
40229
41135
42192
43283
44492
45053
45309
46451
47605
48826
49789
50979
51306
51542
52365
53509
54339
55270
56189
56605
56987
57966
59089
60284
61428
62313
62562
62944
63847
64881
65983
66941
67856
68188
68533
69651
70714
71856
72921
73679
73912
74074
74893
75644
76358
77040
77481
77683
77828
78721
79622
80306
81009
81658
81909
82172
82684
82924
83664
84344
85152
85444
85681
86623
87442
87933
88878
89702
90092
90263
90968
91746
92409
93090
93748
93963
94182
94870
95704
96480
96935
97544
97715
97826
98380
99094
99765
100431
101028
101360
101599
102219
102415
103172
103902
104632
104787
104894
105571
106320
106790
107339
107939
108104
108104
108483
109147
109849
110502
111050
111262
111360
112129
112811
113543
114123
114719
114885
115032
115730
116381
117066
117757
118417
118629
118722
119349
119989
120685
121132
121798
121971
122062
122774
123460
124053
124805
125352
125550
125674
126473
127127
127786
128541
129099
129282
129405
130082
130828
131435
132062
132595
132765
132867
133601
134256
134894
135080
135171
135309
135441
136287
137166
138012
138236
138316
138475
138656
139419
140202
141074
142064
143127
143243
143243
144982
145986
146937
147560
148598
148888
149146
150277
151324
152395
152956
153890
154212
154430
155459
156497
157595
158336
159118
159504
159632
160299
160966
161665
162295
162937
163137
163247
163993
164746
165532
166283
167071
167279
167383
168103
168880
169610
170275
170931
171170
171289
172072
172764
173142
173814
174335
174542
174653
175411
176250
176876
177716
178337
178560
178770
179563
180393
181143
181974
182679
182881
183014
183985
184934
185832
186740
187659
187911
188119
189067
190208
191207
192133
193050
193377
193556
193834
193834
194756
195036
195239
195471
195680
197020
198374
199964
201295
202640
203071
203309
205322
207127
208694
210667
212307
212734
213049
214700
216329
218145
219789
221307
221698
221939
223025
224621
226247
227671
228477
228684
228871
230095
231289
232439
233696
234883
235098
235304
236266
237682
238787