0
0
0
0
0
0
0
0
0
0
0
0
0
0
0
0
0
0
0
0
0
0
0
0
0
0
0
0
0
0
0
0
0
0
0
0
0
0
0
0
0
0
0
0
0
0
0
0
0
0
0
0
0
0
0
0
0
0
0
0
0
0
0
2
2
2
2
2
8
8
9
9
15
18
18
18
33
33
36
36
38
38
38
38
43
43
43
46
50
50
50
50
50
52
52
53
73
73
205
205
257
257
257
413
413
475
564
594
641
726
761
820
836
913
913
969
990
1032
1038
1089
1109
1114
1114
1114
1178
1178
1195
1195
1256
1256
1256
1339
1339
1339
1339
1368
1368
1368
1389
1389
1389
1389
1460
1460
1460
1492
1492
1492
1492
1541
1541
1541
1556
1556
1556
1556
1614
1614
1614
1654
1654
1654
1654
1765
1765
1765
1790
1790
1790
1790
1842
1842
1842
1842
1842
1842
1902
1927
1949
1949
1949
1954
1954
1954
1954
1954
1954
1954
1954
1954
1981
1981
1981
1981
1981
1981
2032
2032
2032
2052
2052
2052
2088
2088
2088
2088
2117
2117
2117
2117
2117
2149
2149
2149
2149
2149
2149
2205
2205
2205
2205
2205
2205
2205
2205
2205
2245
2245
2245
2245
2245
2245
2275
2275
2275
2275
2275
2275
2275
2275
2303
2303
2303
2303
2324
2324
2324
2324
2324
2324
2324
2324
2324
2324
2362
2362
2362
2385
2385
2385
2385
2385
2385
2385
2389
2389
2389
2389
2389
2389
2389
2403
2403
2403
2403
2403
2403
2403
2403
2403
2403
2403
2403
2413
2413
2413
2413
2414
2414
2414
2414
2414
2419
2419
2419
2419
2419
2419
2419
2419
2419
2421
2421
2421
2421
2421
2422
2422
2422
2422
2422
2422
2422
2441
2441
2441
2441
2441
2441
2441
2444
2444
2444
2444
2444
2444
2444
2444
2447
2447
2447
2447
2447
2447
2447
2447
2447
2447
2447
2447
2447
2447
2452
2452
2452
2452
2452
2455
2455
2455
2455
2455
2455
2455
2478
2478
2478
2478
2478
2478
2478
2509
2509
2510
2510
2510
2510
2510
2532
2532
2532
2532
2532
2532
2532
2634
2634
2634
2662
2662
2752
2772
2780
2780
2810
2826
2848
2869
2885
2924
2924
2950
2999
3025
3064
3091
3115
3115
3156
3171
3215
3241
3247
3262
3262
3271
3282
3301
3303
3312
3312
3312
3319
3327
3380
3398
3436
3447
3447
3469
3488
3518
3536
3558
3568
3568
3586
3591
3607
3615
3630
3634
3634
3647
3650
3661
3661
3661
3662
3662
3662
3663
3664
3675
3678
3680
3680
3693
3694
3706
3710
3710
3712
3712
3713
3713
3721
3722
3724
3726
3726
3731
3731
3733
3734
3736
3736
3736
3737
3738
3738
3739
3739
3741
3741
3741
3741
3743