0
0
0
0
0
0
0
0
0
0
0
0
0
0
0
0
0
0
0
0
0
0
0
0
0
0
0
0
0
0
0
0
0
0
0
0
0
0
0
0
0
0
0
0
0
0
0
0
0
0
0
1
1
1
1
1
1
1
1
2
2
4
4
4
4
8
8
16
22
22
30
52
73
111
121
128
144
164
194
212
250
250
319
363
404
438
477
518
579
622
688
761
862
954
996
996
1163
1240
1351
1495
1537
1586
1586
1710
1811
1856
1927
2009
2042
2146
2146
2298
2374
2473
2473
2658
2658
2796
2863
2863
3067
3067
3176
3275
3275
3275
3275
3553
3656
3706
3706
3844
3886
3933
3991
4060
4117
4117
4216
4258
4258
4372
4426
4484
4532
4572
4639
4668
4841
4904
4960
4988
4988
5040
5174
5174
5260
5291
5342
5351
5391
5404
5450
5521
5570
5610
5610
5636
5697
5881
5969
6044
6141
6141
6200
6276
6359
6430
6491
6544
6590
6652
6747
6806
6867
6927
7008
7055
7126
7183
7242
7308
7308
7317
7364
7489
7575
7664
7777
7875
7930
7930
8018
8116
8198
8260
8343
8482
8620
8715
8792
8876
8932
8932
8967
9076
9128
9167
9213
9251
9251
9371
9409
9479
9479
9579
9649
9649
9798
9816
9848
9885
9946
9979
10020
10045
10061
10111
10154
10154
10231
10286
10325
10344
10387
10434
10434
10478
10512
10580
10598
10634
10652
10652
10735
10735
10754
10800
10863
10863
10901
10954
10996
11022
11062
11134
11188
11255
11362
11478
11518
11518
11538
11599
11635
11635
11635
11635
11635
11819
11819
12020
12072
12072
12195
12213
12213
12331
12363
12363
12400
12414
12459
12484
12516
12537
12537
12585
12611
12624
12654
12713
12713
12743
12798
12826
12841
12863
12929
12949
13039
13039
13039
13119
13119
13143
13167
13186
13233
13233
13264
13264
13325
13368
13398
13420
13420
13457
13457
13474
13485
13511
13532
13545
13578
13578
13598
13630
13646
13646
13674
13688
13688
13707
13722
13738
13784
13784
13799
13845
13845
13904
13904
13942
13942
13980
14025
14051
14051
14065
14098
14114
14165
14207
14207
14236
14262
14300
14319
14375
14379
14435
14435
14451
14475
14546
14555
14555
14555
14629
14629
14665
14687
14764
14791
14791
14860
14860
14895
14967
14967
15020
15088
15154
15216
15395
15395
15427
15487
15680
15789
15894
15894
15992
16005
16081
16291
16420
16420
16540
16670
16912
16912
17208
17372
17592
17592
17742
17851
17982
18285
18285
18562
18562
18877
18945
18945
19084
19232
19403
19501
19670
19773
19793
19908
20083
20228
20319
20405
20506
20510
20554
20554
20746
20807
20949
21032
21106
21299
21299
21392
21460
21460
21612
21633
21666
21745
21803
21885
21953
21985
22046
22087
22215
22215
22247
22304
22333
22368
22468
22505
22553
22602
22633
22633
22719
22719
22719