0
0
0
0
0
0
0
0
0
0
0
0
0
0
0
0
0
0
0
0
0
0
0
0
0
0
0
0
0
0
0
0
0
0
0
0
0
0
0
0
0
0
0
0
0
0
0
0
0
0
1
1
1
4
4
7
7
7
7
7
19
20
5
5
5
5
8
8
8
12
19
19
23
23
24
31
33
37
37
37
45
45
45
47
55
55
63
63
65
65
66
67
70
73
73
74
74
74
78
82
82
82
82
92
93
93
93
94
94
104
109
113
113
113
116
117
117
124
125
125
127
127
127
135
137
139
139
150
150
152
153
153
153
153
153
153
154
154
154
156
156
158
159
159
159
159
171
171
183
183
183
184
205
206
209
215
215
230
230
235
245
248
250
256
272
273
273
284
284
286
290
291
297
300
308
313
315
320
327
336
337
339
350
351
352
360
370
389
396
398
401
413
430
474
474
497
509
538
538
554
568
568
602
623
631
649
674
709
709
737
776
846
881
925
955
1029
1060
1093
1140
1180
1184
1234
1306
1373
1382
1401
1401
1459
1468
1560
1613
1703
1750
1763
1812
1853
1884
1958
1958
2027
2102
2168
2269
2402
2437
2535
2579
2709
2725
2772
2787
2846
2894
2929
2968
2968
3093
3188
3188
3292
3329
3358
3405
3469
3521
3565
3589
3620
3672
3710
3734
3765
3796
3850
3877
3960
3994
4023
4026
4061
4074
4098
4143
4162
4208
4238
4245
4324
4393
4457
4484
4514
4524
4530
4618
4662
4724
4794
4823
4874
4890
4914
4976
5005
5093
5133
5154
5189
5236
5276
5310
5338
5376
5406
5423
5449
5528
5601
5637
5665
5697
5700
5732
5811
5839
5879
5920
5943
5973
6016
6042
6076
6105
6125
6171
6216
6258
6266
6289
6289
6293
6298
6301
6319
6332
6348
6351
6358
6379
6407
6407
6469
6469
6541
6574
6588
6653
6696
6745
6805
6851
6908
6931
6950
7015
7067
7143
7222
7298
7317
7346
7380
7470
7528
7581
7641
7654
7678
7714
7780
7887
7939
7982
8023
8041
8092
8135
8181
8207
8231
8232
8262
8313
8338
8357
8399
8420
8427
8452
8457
8485
8513
8550
8585
8595
8626
8648
8699
8729
8772
8807
8814
8847
8928
8993
9069
9121
9160
9187
9238
9322
9442
9486
9585
9649
9668
9732
9820
9898
10007
10072
10168
10182
10192
10249
10375
10446
10540
10580
10606
10637
10718
10853
10958
11044
11149
11189
11277
11374
11527
11642
11762
11863
11901
11972
12132
12234
12448
12600
12703
12754
12826
12963
13106
13283
13404
13518
13564
13656
13829
13957
14073
14203
14362
14442
14531
14659
14845