0
0
0
0
0
0
0
0
0
0
0
0
0
0
0
0
0
0
0
0
0
0
0
0
0
0
0
0
0
0
0
0
0
0
0
0
0
0
0
0
0
0
0
0
0
0
0
0
0
0
0
0
0
0
0
0
0
0
2
2
2
2
7
7
8
8
8
8
15
15
15
16
16
18
18
21
24
25
27
30
30
31
31
40
40
41
41
43
44
44
47
57
58
62
72
72
72
74
76
76
76
81
85
85
88
100
101
108
129
146
151
172
209
219
234
273
310
358
456
533
596
663
734
812
865
958
1063
1174
1320
1443
1584
1865
2124
2226
2507
2604
2640
2924
3072
3334
3538
3662
3796
3941
3941
4165
4309
4441
4547
4688
4916
4980
5077
5211
5216
5324
5429
5543
5722
5722
5847
5933
5975
6040
6101
6230
6294
6333
6371
6432
6486
6582
6617
6690
6727
6727
6831
6902
6948
6975
7053
7063
7100
7146
7167
7197
7260
7297
7315
7340
7371
7378
7412
7424
7468
7476
7511
7532
7544
7582
7599
7611
7634
7649
7743
7781
7810
7831
7879
7897
7921
7949
7997
8016
8050
8082
8110
8112
8122
8151
8161
8174
8209
8224
8224
8258
8258
8326
8326
8360
8360
8362
8376
8429
8457
8457
8478
8493
8499
8530
8556
8556
8600
8600
8624
8624
8646
8646
8684
8684
8723
8740
8740
8766
8766
8792
8792
8819
8819
8819
8838
8854
8854
8860
8882
8882
8887
8908
8908
8925
8925
8925
8925
8976
8979
8979
8999
9015
9026
9026
9026
9046
9054
9054
9054
9054
9054
9054
9100
9109
9109
9127
9127
9127
9137
9152
9152
9168
9168
9179
9188
9191
9191
9208
9211
9214
9214
9224
9229
9248
9256
9264
9264
9272
9294
9296
9303
9313
9347
9370
9370
9399
9399
9434
9434
9465
9491
9509
9565
9597
9597
9627
9648
9674
9674
9771
9805
9846
9846
9846
9846
9958
9958
9999
9999
10015
10015
10077
10127
10127
10127
10127
10203
10241
10241
10272
10272
10386
10415
10569
10635
10781
10781
10852
10907
10963
10963
11035
11099
11099
11286
11286
11286
11402
11460
11533
11533
11590
11672
11692
11692
11758
11806
11806
11908
11969
11991
12016
12016
12143
12143
12192
12206
12206
12206
12254
12274
12309
12309
12352
12352
12352
12430
12430
12448
12493
12531
12536
12536
12536
12536
12536
12536
12594
12594
12632
12632
12632
12632
12664
12669
12686
12688
12700
12714
12714
12722
12732
12732
12736
12736
12736
12736
12758
12758
12762
12788
12788
12788
12788
12803
12803
12803
12816
12840
12840
12840
12855
12855
12857
12876
12885
12918
12918
12918
12918
12944
12944
12944
12958
12958
12999
13017
13017
13056
13056
13094
13094
13135
13149
13164
13164
13164
13164
13164
13179
13227
13255