0
0
0
0
0
0
0
0
0
0
0
0
0
0
0
0
0
0
0
0
0
0
0
0
0
0
0
0
2
5
18
28
43
61
95
139
245
388
593
978
1501
2336
2922
3513
4747
5823
6566
7161
8042
9000
10075
11364
12729
13938
14991
16169
17361
18407
19644
20610
21638
23049
24811
27017
29406
32332
35408
38309
41495
44605
47593
50468
53183
55743
58226
60500
62589
64586
66220
68192
70029
71686
73303
74877
76389
77995
79494
80868
82211
83505
84802
85996
87026
88194
89328
90481
91472
92584
93657
94640
95646
96448
97424
98647
99970
101650
103135
104691
106220
107603
109286
110767
112725
114533
116635
118392
120198
122492
124603
126949
129341
131652
133521
135701
137724
139511
141591
143849
146668
148950
151466
154445
157562
160696
164270
167156
169425
171789
173832
175927
177938
180156
182525
184955
187427
189876
192439
195051
197647
200262
202584
204952
207525
209970
212501
215096
217724
220180
222669
225205
227662
230211
232863
235429
237878
240438
243051
245688
248379
250458
252720
255117
257303
259652
262173
264561
267061
269440
271606
273788
276202
278827
281413
284034
286523
288839
291172
293606
296273
298909
301530
304204
306752
309437
312035
314786
317483
320117
322567
324692
326712
328844
331189
333699
336324
338825
341070
343203
345450
347835
350279
352558
354764
356792
358905
361150
363363
365606
367796
369911
371816
373570
375212
376894
378752
380746
382772
384666
386658
388810
391112
393425
395488
397801
399940
402029
404648
407353
410334
413149
416198
419043
422140
425481
429193
432798
436319
439882
443086
446448
449960
453637
457219
461044
464596
468119
471772
475674
479825
483844
488236
492378
496253
500075
504281
508389
513219
517835
522387
526490
530380
534631
539670
545286
550757
556891
562705
568896
574856
581824
588648
596941
604952
612772
620491
628780
637712
646164
654936
663800
673250
682486
692949
703288
715068
726585
738322
749525
762068
775121
788473
801894
815117
828377
841308
854361
866821
880542
894385
908346
922397
935799
948749
962070
975951
989572
1003494
1016835
1028986
1040547
1051374
1062397
1072620
1083023
1092407
1100818
1108269
1115770
1123474
1131077
1138530
1145651
1152072
1158384
1164535
1170743
1177004
1183182
1189203
1194963
1200465
1206373
1212481
1218753
1225142
1231429
1237474
1243434
1249507
1255620
1261903
1268263
1274514
1280438
1286406
1292614
1299022
1305339
1311810
1318295
1324395
1330411
1336217
1342134
1348316
1354520
1360852
1367032
1372977
1379286
1385706
1392314
1398841
1405414
1411731
1417999
1424596
1431416
1438286
1445326
1452380
1459370
1466435
1473756
1481396
1488981
1496455
1503753
1510873
1518263
1526023
1534034
1542076
1550142
1558159
1566081
1574012
1582275
1590605
1598875
1607081
1615184
1623159
1631169
1639679
1648174
1656699
1665103
1673470
1681682
1689692
1698005
1706559
1715162
1723470
1731558
1739360
1746953
1754933
1763313
1771115
1778645
1786265
1793805
1801065
1808422
1815712
1823317
1830823
1838803
1846923
1855674
1864984
1875234
1885564
1897314
1908974
1920394
1932074
1945964
1963394
1984348
2006934
2029412
2049078
2070141
2093452
2118212
2143794
2168872
2194133
2215445
2237089
2261435
2286927
2311813
2335905
2358809
2377039
2396204
2417230
2438193
2459906
2479805
2499077
2516157
2534855
2555587
2575737
2591609
2610018
2627094
2640670
2654811
2673219
2691352
2707761
2722007