0
0
0
0
0
0
0
0
0
0
0
0
0
0
0
0
0
0
0
0
0
0
0
0
0
0
0
0
0
0
0
0
0
1
1
5
7
7
13
19
26
32
35
35
40
54
60
60
71
71
71
101
110
116
124
154
164
192
208
214
233
266
316
346
382
458
506
547
630
694
728
772
820
878
961
1031
1122
1202
1232
1279
1318
1352
1378
1400
1415
1434
1482
1513
1539
1574
1602
1631
1677
1708
1763
1820
1847
1928
2003
2085
2153
2219
2296
2346
2431
2480
2543
2603
2679
2767
2818
2913
3032
3143
3193
3260
3404
3554
3611
3724
3877
3964
4272
4469
4632
4848
5135
5457
5873
6179
6439
6868
7387
8168
8840
9846
11098
12366
13481
14268
15414
16675
17770
18950
20209
21315
22700
24254
25717
27352
29222
30868
32676
34502
36702
39139
41193
43262
45402
47151
49109
51524
53708
56020
58354
60479
62275
64701
67442
69612
72460
75194
77506
79735
81757
83867
86148
88171
90220
92530
94693
97159
99865
102226
104711
107573
110032
112585
115332
118300
121263
124609
126704
129151
131886
134722
137556
140603
144064
147389
150115
153599
156995
160436
164277
168290
172583
176931
180133
184709
188802
192797
197085
201050
204341
207985
211947
215784
219435
223612
227446
231177
234934
238338
242284
247039
252075
256719
260370
264684
269578
273821
278418
282672
286778
290309
294478
298702
303059
307385
311690
315597
319035
322856
327580
332635
337106
341699
345969
349450
353566
358290
362981
367474
372259
375931
379141
382949
387121
391044
394566
397780
400124
402330
405437
409358
413215
416802
420303
423524
426634
430678
434598
438265
442164
445949
449153
451707
455398
459908
463951
467755
470633
472630
475288
478701
482296
485870
489571
493139
496019
498549
501733
505310
508508
511806
514496
516915
519152
521542
524503
526852
529226
531769
533555
535321
537457
539749
542187
544670
547215
548821
550435
552549
554767
556728
558767
560622
562520
564200
566015
568138
569873
571253
572600
573622
574634
575972
577363
578916
580449
581811
583118
584145
585345
586503
587676
588803
589943
590779
591597
592528
593541
594442
595291
596193
597033
597774
598369
599126
599965
600755
601424
602331
602938
603739
604549
605416
606186
606991
607587
608232
609029
609852
610598
611407
612092
612870
613763
614576
615380
616259
617202
618147
618922
619636
620620
621755
623072
624222
625756
627416
628550
630263
632257
634539
636908
639438
641628
643852
646650
649982
653557
657453
661477
664750
667937
671801
675982
680288
684362
688698
692241
695489
699088
703778
708951
713994
719121
723189
726548
731016
735626
740472
745642
750264
754318
758184
763085
768352
774015
779458
784716
789390
793892
798547
803041
809092
815605
822095
827157
832428
838265
844260
850924
856939
862821
868200
873568
879991
887291
895622
903439
911376
918155
924946
932899
941078
949050
956860
964435
970987
977175
984950
993158
1001854
1010304
1018321
1025288
1031322
1037858
1045010
1051868
1058794
1065199
1070366
1074930
1079998
1086141
1091954
1098187
1103950
1108558
1112725
1117627
1122914
1127580
1132092