0
0
0
0
0
0
0
0
0
0
0
0
0
0
0
0
0
0
0
0
0
0
0
0
0
0
0
0
0
0
0
0
0
0
0
0
0
0
0
0
0
0
0
0
0
0
0
0
0
1
2
8
8
10
10
12
13
15
16
16
19
19
21
26
26
26
30
32
36
36
44
47
47
53
58
58
63
63
63
63
65
69
73
73
125
143
143
163
173
223
223
233
257
288
305
350
364
364
396
422
432
463
469
471
473
478
488
490
490
502
505
507
509
509
511
517
520
520
520
529
534
544
550
552
556
564
569
569
575
581
586
588
590
591
591
595
596
598
599
605
605
611
614
615
617
621
621
626
638
652
657
659
665
670
678
684
686
690
696
698
702
707
715
721
728
732
737
745
751
753
753
758
758
759
762
763
765
768
774
790
809
810
816
821
831
837
842
853
855
856
864
878
883
894
905
920
928
958
987
1003
1023
1031
1047
1065
1071
1082
1082
1113
1129
1146
1192
1290
1346
1346
1529
1612
1732
1804
1870
2011
2113
2357
2459
2459
2683
2896
2964
3024
3103
3183
3323
3437
3511
3511
3623
3771
3933
4042
4164
4374
4571
4758
4988
5143
5270
5395
5588
5723
5854
6017
6170
6408
6482
6555
6704
6795
6895
7012
7109
7191
7273
7363
7559
7718
7813
7910
7989
8067
8132
8195
8274
8321
8374
8445
8600
8638
8670
8714
8749
8787
8851
8927
9005
9094
9131
9257
9296
9326
9373
9426
9472
9506
9542
9573
9581
9634
9723
9780
9884
9929
9959
10019
10088
10151
10240
10284
10343
10422
10488
10541
10600
10669
10709
10763
10810
10864
10911
10987
11063
11120
11184
11271
11369
11443
11509
11608
11710
11792
11875
11907
11968
12039
12135
12224
12289
12354
12423
12519
12597
12684
12723
12732
12752
12793
12827
12915
12931
13049
13203
13246
13330
13368
13411
13455
13548
13637
13760
13852
13915
13992
14096
14161
14274
14419
14487
14550
14658
14772
14879
15012
15153
15241
15435
15462
15527
15653
15778
15973
16073
16250
16513
16841
17085
17298
17701
17908
18237
18527
18830
19035
19305
19773
20016
20310
20581
20924
21382
21679
21826
22019
22267
22471
22817
23263
23599
23838
24103
24444
24776
25303
26026
26904
27465
28273
28968
29387
29912
30499
31305
31907
32728
33366
33970
34665
35338
35896
36231
36670
37128
37458
37747
38227
38514
38848
39237
39543
39967
40449
40663
41013
41328
41400
41604
41843
42119
42500
42763
42924
43054
43240
43473
43684
43890
44136
44254
44337
44502
44642
44867
45004
45145
45212
45292
45414
45578
45777
45867
46039
46087
46194
46338
46428
46588
46708
46782
46821
46922
47020