2
2
2
2
4
4
7
7
11
15
20
20
20
22
23
23
23
24
24
26
27
28
33
43
54
60
67
79
85
95
112
137
149
160
173
192
218
236
245
259
278
298
333
365
420
466
499
527
585
640
696
733
795
826
843
893
928
968
1022
1059
1104
1144
1217
1314
1416
1530
1728
1907
2001
2255
2535
2818
3154
3525
3876
4110
4485
5020
5614
6250
6951
7473
7773
8277
8835
9398
9958
10548
10914
11258
11641
12037
12469
12854
13186
13405
13576
13860
14076
14284
14558
14861
15061
15229
15354
15455
15553
15640
15755
15824
15861
15948
15998
16096
16148
16202
16226
16259
16287
16321
16362
16385
16410
16451
16472
16502
16528
16598
16673
16716
16751
16787
16837
16867
16911
16958
17000
17039
17060
17111
17146
17187
17250
17293
17369
17439
17484
17530
17588
17658
17725
17780
17820
17879
17963
18055
18162
18254
18366
18476
18615
18838
19055
19185
19461
19668
19848
20055
20261
20617
21044
21430
21841
22125
22437
23172
23510
24104
24946
25446
25706
26463
27136
28114
28883
29684
30548
31142
32116
33382
35144
36234
37804
39116
40099
41347
42686
44167
45764
47342
48782
49617
50302
51288
52471
53818
55051
56074
56717
57636
58728
59900
60949
61916
62658
63158
63888
64779
65653
66499
67353
67958
68396
69023
69619
70278
70866
71467
71918
72213
72724
73264
73916
74558
75206
75646
75914
76446
76997
77488
78061
78662
79142
79462
79773
80009
80490
81054
81703
82186
82484
83022
83591
84244
84768
85345
85746
86027
86540
87039
87679
88267
88962
89400
89652
90153
90694
91402
92044
92670
93098
93408
93895
94515
95134
95868
96599
97095
97503
98146
98877
99674
100450
101327
101943
102431
103309
103928
104964
106136
107439
108394
109191
110487
112011
113655
115360
117113
118611
119557
121247
123477
125859
128285
130871
133034
134554
135786
137735
140225
142778
145457
147515
148962
150976
153432
155938
158387
160870
162917
164434
166592
169429
172406
175310
178272
180639
182311
184752
187751
190950
193753
196815
199270
201074
203732
207007
210769
214575
218467
221412
223786
227415
231271
235811
239068
242097
245293
248625
253571
259521
267084
274947
282737
288818
293746
298321
304140
310734
317871
324942
330715
335605
340989
346508
352129
357174
361928
365899
368684
372545
376482
380644
384180
387499
390166
391956
394269
396900
399492
401858
404128
405765
406992
408550
410434
412125
413441
414803
416154
417127
418435
419896
421421
422718
423952
424988
425725
426828
427732
428816
429873
431093
432090
432778
433700
434944
436093
437222
437634
439356
439977
441152
442411
443714
444977
446312
447287
448000
449142
450687
452147
453616
455212
456318
457104
458621
460595
462506
464483
466563
468346
469636
471777
474641
477239
479953
482704
485226
486792
489407
492860
496351
499831
503537
506237
508350
511799
517281
521796
526307
531109
535220
537494
542467
547836
553362
558376
563998
568621
571904
576870
580666
588580
593264
599253
605150
609625
613822
617890
622273
628319
635568
642146
647003
653363
660884
667251