0
0
0
0
0
0
0
0
0
0
0
0
0
0
0
0
0
0
0
0
0
0
0
0
0
0
0
0
0
0
0
0
0
0
0
0
0
0
0
0
0
0
0
0
0
0
0
0
0
0
0
4
6
9
10
33
35
44
49
53
61
62
72
81
111
150
228
284
302
343
380
435
464
531
584
662
697
727
781
812
865
951
1091
1232
1295
1402
1546
1615
1676
1852
1995
2135
2289
2482
2601
2717
2835
3027
3138
3402
3597
3857
3920
4049
4205
4422
4578
4834
4975
5090
5207
5279
5417
5571
5689
5850
6157
6751
6751
6969
7234
7919
7919
8531
8969
8969
9304
9576
9932
10382
10858
11308
11571
12067
12067
12312
12511
12694
12859
13074
13319
13872
13872
14238
14496
15192
15542
15877
15877
16779
17225
17732
18231
18765
19285
19750
20319
20319
21327
21819
22308
41065
42574
45719
47171
48574
49683
51059
51059
54747
56455
58253
58253
61755
63514
65188
66895
68703
68703
71838
73468
75153
75153
78486
80226
81720
83122
84648
86192
87664
89078
90367
90367
96774
98641
100075
102936
105526
107930
109939
111822
112722
113501
115615
117104
118514
119781
121161
121639
121973
123325
124356
125335
126243
127203
127462
127462
127462
127664
128618
130040
130673
130673
131596
131695
132354
132924
133028
133924
134123
134203
134726
135159
135589
135964
136384
136513
136586
137058
137393
137713
138013
138348
138455
138542
138982
139289
139581
139882
140175
140265
140333
140707
140958
141256
141484
141748
141844
141904
142239
142597
142945
143280
143632
143740
143814
144218
144328
144761
145019
145320
145473
145603
145966
146288
146653
146982
147297
147463
147615
148037
148479
149066
149699
150380
150863
151321
152022
152725
153547
154321
155220
155876
156451
157261
158036
158853
159756
160612
161850
162555
163585
164578
165558
166468
167341
167385
168803
169827
170808
171795
172805
173763
174563
175565
176342
177386
178378
179344
180089
180777
181721
182657
183630
184557
185513
186277
186960
187890
188837
189551
190292
190969
191650
192579
193503
194257
194993
196216
197142
197902
198659
199555
200443
201196
202060
202880
203563
204293
205064
205933
206840
207683
208596
209369
210086
210976
211901
212812
213855
214927
215947
216964
218216
219527
221053
222701
224395
225891
227165
228692
230188
231716
233156
234569
235844
237029
238364
239726
240983
240983
243404
244428
245351
246474
247533
248566
249562
250399
251267
251959
252821
253751
254712
255584
256388
257100
257800
258609
259478
260384
261244
262093
262715
263396
264178
265028
265929
266803
267657
268327
268902
269599
270399
271363
272365
273469
274541
275502
276663
277906
279220
280576
281798
283027
284138
285241
286352
287473
289102
290792
292306
293761
295506
297472
299626
301818
303922
305860
307676
309756
312558
315102
317937
320881
323207
325234
327593
330319
333046
335868
338764
341599
344140
346971
349987
352988
355918
358834
361575
363871
366709
369704
372662
375539
378441
381078
383164
385491
388111
391052
393639
396130
398272
398295
401892
404348
407024