0
0
0
0
0
0
0
0
0
0
0
0
0
0
0
0
0
0
0
0
0
0
0
0
0
0
0
0
0
0
0
0
0
0
0
0
0
0
0
0
0
0
0
0
0
0
0
0
0
0
0
1
1
3
3
3
3
7
7
7
15
16
25
28
31
31
38
42
50
59
81
110
122
126
142
158
172
179
184
189
191
197
208
216
225
234
246
262
270
281
296
303
320
336
343
355
363
374
384
396
411
435
465
490
535
582
607
621
649
672
700
715
737
758
781
830
887
912
963
1029
1109
1161
1192
1214
1286
1348
1471
1618
1745
1888
1962
2021
2093
2216
2340
2474
2600
2767
2872
2989
3094
3215
3305
3457
3594
3727
3860
4044
4257
4374
4478
4738
4797
4952
5206
5384
5533
5811
6070
6190
6366
6673
6941
7188
7577
7886
8067
8250
8528
8975
9448
9726
10105
10294
10791
11252
11673
12062
12750
13353
13771
14168
14805
15601
16268
16643
17603
17975
18581
19125
19913
20636
21363
22053
22597
23202
23873
24411
25138
25837
26436
26928
27425
28104
28754
29334
29849
30120
30365
30636
31015
31441
31763
32118
32364
32557
32803
33016
33389
33630
33794
34057
34201
34315
34493
34705
34884
35020
35103
35205
35356
35460
35603
35793
35969
36157
36205
36301
36301
36576
36724
36829
36981
37079
37218
37348
37489
37707
37871
38115
38168
38378
38529
38713
38923
39184
39427
39449
39586
39907
40178
40620
41158
41546
41619
41937
42541
43143
43580
44196
44881
45076
45647
46144
47212
47843
48790
49721
49997
50833
51851
52612
53797
55192
55877
56601
57093
58587
59595
60704
61769
62488
63244
64588
65804
66723
68193
69273
70245
70804
71729
72686
74145
75193
76404
77372
77785
78512
79322
80102
81656
82605
83316
83618
84169
85130
86383
87249
87984
88380
88579
89100
89661
90305
90978
91526
91892
92055
92459
92853
93405
93761
94151
94500
94614
94768
95195
95431
95713
95843
95923
95992
96139
96251
96458
96614
96678
96802
96908
97127
97398
97733
97954
98184
98271
98334
98432
98555
98693
98859
99082
99162
99227
99308
99444
99630
99769
99898
99983
100052
100193
100323
100422
100563
100675
100773
100856
101009
101159
101339
101534
101690
101819
101944
102048
102221
102353
102613
102792
102867
103014
103188
103332
103615
103841
103993
104201
104306
104500
104780
105057
105467
105648
105973
106125
106470
106801
107329
107729
108362
108827
109164
109643
110356
111185
111935
112805
113236
113967
115031
116310
117535
118889
120163
120910
122040
123167
124707
126170
128178
129330
130214
131116
132646
134058
135042
136893
138077
138988
139448
139842
141365
143063
144154
145184
145670
146156
147147
148128
149219
150260
151287
151653
151894
152523
153488
154392
155165
156318
156787
156981
157492
158326
158821
159318
160053
160422
160559
160904
161393
162098
162666
163238
163554
163620
163976
164386
164720