0
0
0
0
0
0
0
0
0
0
0
0
0
0
0
0
0
0
0
0
0
0
0
0
0
0
0
0
0
0
0
0
0
0
0
0
0
0
0
0
0
0
0
0
0
0
0
0
0
0
0
0
2
5
13
16
19
20
21
24
31
33
61
63
71
86
88
91
94
106
112
125
126
135
140
145
165
184
224
227
250
283
362
377
387
423
449
480
510
561
598
604
630
669
703
731
763
780
790
799
806
813
823
851
855
856
860
861
862
870
884
895
919
927
945
955
978
985
988
989
1003
1004
1025
1032
1038
1038
1047
1048
1052
1064
1070
1083
1110
1123
1142
1147
1158
1194
1234
1263
1269
1298
1326
1384
1437
1486
1615
1756
1833
1916
1998
2073
2169
2216
2268
2363
2432
2494
2590
2677
2799
2878
2991
3064
3178
3356
3508
3703
3886
4100
4307
4512
4715
4931
5118
5237
5369
5472
5617
5735
5877
6045
6286
6467
6680
6917
7137
7413
7652
7846
8104
8330
8554
8799
9049
9274
9492
9688
9869
10059
10247
10419
10590
10795
10988
11130
11275
11416
11545
11686
11848
12006
12168
12337
12448
12547
12683
12840
12981
13100
13215
13334
13454
13601
13713
13791
13910
14027
14119
14204
14301
14377
14446
14496
14566
14637
14692
14763
14839
14882
14939
15002
15063
15142
15208
15270
15333
15379
15425
15472
15520
15574
15620
15663
15705
15758
15814
15855
15889
15938
15971
16050
16130
16179
16247
16345
16425
16502
16606
16754
16891
17009
17139
17263
17422
17591
17757
17943
17943
17943
18626
18626
19328
19328
19328
20179
20999
21545
22206
22934
22934
22934
24792
25388
26121
26888
27851
27851
29117
29805
29805
31215
32022
32877
33588
34295
34940
35549
36253
37028
37792
38431
39057
39596
40117
40117
40117
40117
42337
42805
43324
43881
44442
45004
45594
46118
46580
46909
47203
47499
47499
48337
48682
48905
49169
49169
49440
49440
50135
50405
50620
50801
50910
50910
51144
51502
51502
51965
51965
52333
52333
52943
53264
53264
53776
53982
54261
54560
54839
55135
55135
55851
55851
56118
56412
57028
57317
57317
57317
58399
58399
58988
58988
59646
59646
60218
60218
60218
61086
61404
61688
61688
61688
62548
62548
63089
63089
63805
63805
63805
64619
64868
64868
65165
65450
65450
66480
66480
66740
67569
68006
68451
68451
68451
68451
70285
70853
70853
71444
72600
72600
73735
73735
74708
74708
76070
76070
76070
77787
78340
78340
78340
80295
80295
80295
80295
80295
84172
84172
84172
84172
84172
88429
89181
89181
91079
91079
91079
91079
91079
94330
95015
95886
95886
95886
95886
95886
98015
99210
99210
100329
100329
101191
101191
101832
101832
102720
102720
102720
103638
103638
103638
103638
103638
103638
103638
103638
103638
103638
103638
105614
105784
105784
105784
105784
106130
106243
106243