0
0
0
0
0
0
0
0
0
0
0
0
0
0
0
0
0
0
0
0
0
0
0
0
0
0
0
0
0
0
0
0
0
1
11
26
43
45
45
45
56
56
56
58
58
61
64
64
69
72
80
80
104
112
123
130
142
148
159
176
188
189
191
195
208
225
235
255
266
289
317
342
417
479
556
665
743
855
910
993
1154
1234
1300
1355
1405
1524
1658
1751
1915
1995
2080
2248
2399
2614
2892
3075
3288
3440
3740
4024
4377
4619
4983
5278
5804
6289
6567
7208
7623
8688
9286
10277
11028
11975
12860
13802
14850
15691
16764
17568
18609
19564
20464
21302
21967
22575
23267
24112
25184
26192
27043
27762
28649
29359
29921
30644
31131
31848
32510
33140
33823
34432
34952
35466
35920
36431
36958
37533
38074
38678
39145
39650
40291
41033
41879
42788
43703
44391
44942
45524
46195
46940
47859
48672
49303
49941
50644
51245
52007
52840
53580
54058
54894
55508
56174
56877
57668
58221
58904
59204
59763
60434
61185
61872
62625
63309
63773
64379
65149
65903
66529
66957
67448
67911
68299
68774
69425
70045
70727
71199
71713
72400
73068
73785
74486
75185
75697
76205
76827
77470
78145
78767
79269
79957
80528
80960
81573
82271
82945
83578
84224
84636
85109
85811
86478
87378
88243
88963
89582
90387
91244
92082
92822
93475
94211
94764
95472
96301
96999
97824
98528
99049
99434
99964
100683
101299
101851
102441
103199
103544
103981
104568
105182
105676
106087
106458
107025
107592
108268
108743
109441
110076
110568
111116
111893
112737
113269
114015
114744
115483
116146
116832
117718
118531
119420
120232
120927
121635
122317
123092
123906
124666
125337
125926
126534
127293
128080
128843
129638
130463
131205
131743
132478
133381
134159
134932
135650
136341
136840
137329
137885
138337
138822
139308
139734
140056
140393
140795
141217
141547
141876
142195
142426
142635
142992
143260
143574
143917
144164
144369
144599
144900
145204
145495
145789
146044
146218
146449
146710
146971
147192
147531
147775
147979
148209
148507
148773
149017
149277
149449
149653
149857
150093
150298
150584
150869
151074
151343
151715
152027
152438
152978
153473
153900
154314
154841
155335
155874
156434
156964
157399
157777
158244
158822
159264
159834
160367
160901
161285
161777
162282
162862
163450
164108
164622
165257
165843
166654
167410
168250
169190
170036
170998
171994
172996
173983
175031
176052
176903
177701
178524
179488
180505
181484
182460
183322
184090
184989
186004
187005
188024
189046
189890
190852
192031
193372
194781
196497
198110
199428
200572
201898
203055
204388
205893
207249
208460
209523
210855
212169
213673
215067
216586
217933
219125
220455
221743
223042
224432
225980
227178
228299
229550
230821
232103
233521
234754
235989
237192
238549
239952
241469
242848
244325
245704
247094
248729
250273
251675
253066
254472
255860
256987
258497
259868
261307
262766
264198
265404
266949
268235
269681
271145
272562
273991
275270
276586
277832
279085
280536
281772
282981
284076
285068
286046
287199
288184
289243