0
0
0
0
0
0
0
0
0
0
0
0
0
0
0
0
0
0
0
0
0
0
0
0
0
0
0
0
0
0
0
0
0
0
0
0
0
0
0
0
1
1
1
1
1
1
2
6
8
10
10
17
26
30
34
49
71
86
111
124
139
180
197
221
244
280
305
347
376
398
446
458
493
509
533
542
548
577
589
612
630
651
655
657
666
675
682
712
727
739
748
761
778
784
804
812
818
836
849
858
870
871
879
896
896
900
909
928
930
939
946
950
951
962
970
997
1008
1009
1012
1016
1025
1030
1046
1047
1049
1053
1057
1061
1064
1065
1066
1066
1071
1079
1082
1085
1086
1088
1088
1089
1092
1094
1096
1097
1097
1097
1098
1104
1108
1110
1111
1111
1111
1111
1111
1111
1112
1115
1116
1117
1118
1121
1122
1122
1123
1124
1127
1134
1141
1154
1165
1173
1173
1174
1174
1178
1179
1185
1189
1192
1192
1193
1197
1203
1205
1206
1219
1219
1220
1224
1228
1231
1238
1243
1246
1249
1257
1275
1281
1288
1290
1290
1293
1303
1307
1308
1315
1322
1323
1323
1326
1327
1330
1333
1337
1337
1342
1360
1366
1375
1381
1393
1396
1404
1406
1410
1416
1425
1428
1429
1432
1443
1448
1459
1464
1474
1477
1482
1486
1494
1498
1515
1525
1526
1560
1572
1594
1625
1654
1676
1697
1729
1824
1868
1945
2019
2086
2126
2194
2261
2370
2507
2596
2670
2765
2840
2942
3056
3204
3392
3450
3494
3609
3797
3958
4208
4467
4678
4757
4893
5144
5395
5679
5894
6136
6268
6439
6752
7119
7476
7880
8095
8187
8395
8848
9381
9836
10231
10547
10636
10914
11356
11722
12102
12744
13120
13236
13693
14273
15171
15808
16561
16975
17075
17687
18377
19307
19993
20787
21313
21520
22104
22816
23706
24386
25046
25675
25885
26472
27495
28535
29427
30297
30940
31335
32339
33484
34754
35420
35819
36330
36838
37676
39043
40904
41615
41929
42497
43118
43942
45171
46545
47782
48952
49568
49899
50777
52032
52982
54066
55097
55664
55908
56720
57808
58710
59586
60496
61008
61231
61924
63027
63992
64923
65708
66241
66652
67427
68658
69400
70276
71320
71800
72088
72869
73859
74701
75509
76282
76706
76984
77697
78643
79351
80040
81109
81519
81793
82462
83445
84258
84983
85810
86186
86458
87103
88022
88668
89414
90009
90331
90525
90997
91636
92274
92906
93484
93781
93959
94602
95420
95902
96524
97149
97409
97586
98094
98870
99476
100114
100716
101040
101207
101733
102363
103001
103588
103867
104105
104224
104533
105176
105916
106574
107240
107608
107818
108355
109088
109731
110343
110997
111334
111536
112224
112983
113561
114244
114955
115316
115536
116132
117099
117795
118558
119370
119750
119953
120378
120736
121509
122545
123331
123963
124301
124960
125689
126378