0
0
0
0
0
0
0
0
0
0
0
0
0
0
0
0
0
0
0
0
0
0
0
0
0
0
0
0
0
0
0
0
0
0
0
0
0
0
0
0
0
0
0
0
0
0
0
0
0
0
0
0
0
0
1
1
2
2
2
3
3
3
3
3
3
3
3
3
3
3
6
6
7
10
13
14
14
31
31
37
48
50
59
59
59
59
76
76
91
99
101
101
101
117
120
124
124
141
141
141
152
154
158
166
170
178
189
199
199
199
211
211
213
215
219
223
226
229
233
238
240
249
255
265
265
266
266
269
273
280
288
296
311
316
321
334
345
359
370
383
397
410
421
446
458
498
509
516
542
581
601
626
650
652
662
681
684
729
768
770
780
804
819
833
869
874
891
917
926
957
963
998
1010
1024
1024
1056
1070
1085
1088
1091
1107
1108
1114
1117
1135
1155
1162
1167
1177
1179
1181
1186
1189
1207
1214
1216
1221
1224
1230
1234
1237
1240
1250
1252
1252
1252
1257
1257
1277
1282
1282
1284
1285
1286
1286
1290
1295
1298
1298
1298
1304
1304
1304
1305
1305
1306
1306
1306
1307
1311
1311
1313
1315
1315
1316
1319
1321
1327
1332
1333
1334
1335
1335
1336
1336
1337
1338
1338
1338
1339
1342
1343
1343
1343
1346
1347
1348
1354
1354
1355
1360
1360
1363
1363
1371
1371
1372
1374
1377
1377
1377
1381
1384
1385
1385
1393
1393
1393
1416
1419
1419
1426
1426
1426
1426
1436
1436
1438
1440
1442
1442
1442
1452
1461
1461
1468
1491
1498
1507
1512
1512
1528
1539
1551
1551
1551
1551
1551
1578
1591
1595
1595
1595
1595
1595
1595
1663
1676
1676
1676
1676
1676
1676
1676
1676
1676
1676
1676
1676
1773
1779
1779
1779
1779
1779
1779
1779
1779
1779
1779
1779
1779
1779
1779
1779
1779
1779
1779
1779
1779
1779
1779
1779
1779
1779
1779
1876
1877
1878
1882
1887
1887
1896
1898
1901
1901
1912
1914
1914
1927
1932
1936
1936
1939
1939
1939
1944
1944
1945
1945
1956
1956
1956
1956
1956
1956
1956
1956
1956
1956
1985
1985
1985
1985
1988
1988
1988
1996
1998
2002
2009
2010
2010
2014
2014
2014
2017
2017
2023
2024
2024
2024
2026
2026
2026
2030
2030
2030
2030
2030
2042
2042
2042
2042
2042
2042
2042
2042
2042
2042
2042
2042
2042
2042
2042
2042
2042
2042
2042
2042
2042
2042
2042
2042
2042
2042
2042
2042
2042
2042
2042
2042
2042
2042
2042
2091
2091
2097
2097
2097
2098
2098
2099
2099
2099
2099
2099
2110
2110
2113
2113
2114
2114
2114
2114
2114
2114
2114