0
0
0
0
0
0
0
0
0
0
0
0
0
0
0
0
0
0
0
0
0
0
0
0
0
0
0
0
0
0
0
0
0
0
0
0
0
0
0
0
0
0
0
0
0
0
0
0
0
0
0
0
0
0
0
0
0
0
0
0
0
0
1
1
1
1
3
8
8
10
10
11
11
18
18
19
20
21
24
24
24
25
26
35
48
49
49
49
51
51
51
59
60
61
61
61
61
61
61
61
63
63
63
63
63
64
64
64
64
64
64
64
64
64
64
65
65
65
68
69
71
72
75
75
75
77
99
105
118
130
156
168
182
196
209
239
256
256
332
359
378
393
409
418
454
467
484
500
510
520
544
571
595
639
670
698
713
727
762
802
824
874
891
918
989
1046
1117
1182
1268
1342
1342
1389
1433
1512
1563
1589
1652
1704
1791
1866
1980
2088
2176
2314
2424
2547
2669
2827
3017
3222
3438
3621
3691
3837
4063
4224
4475
4879
5079
5232
5451
5929
6302
6611
7050
7327
7738
8172
8579
9068
9463
9707
10121
10437
10437
11009
11281
11834
12274
12629
12958
13423
13966
14624
15156
15773
16445
17094
17749
18834
19583
20462
20939
21908
22348
22781
23515
24144
24936
25822
26438
27234
27949
28796
29446
30097
30632
31290
31828
32364
33213
34014
34525
35208
35717
36087
36809
37437
38468
39513
40292
41368
41686
42712
43821
44985
45821
46676
47845
47845
48790
49949
50906
51625
52620
53384
54374
56013
57223
57975
58874
59656
60628
61095
62045
62907
63688
64587
65440
66444
67039
68117
69040
70010
70885
71804
72628
72628
73602
74324
74936
75465
76006
76808
76808
77823
78473
79180
79797
80407
81273
81273
82430
82809
83417
84087
84849
85529
85529
86580
87097
87986
88522
89183
89880
89880
90779
91357
92017
92577
93283
93772
93772
94560
95200
95706
96346
97192
97653
97653
98381
98913
99350
99935
100277
100744
100744
101414
101975
102456
102880
103515
104002
104002
104745
105378
106030
106670
107434
108017
108017
109088
109869
110465
111124
111746
112540
112540
113688
114429
115299
116064
116779
117650
117650
118631
119402
120434
121243
122013
122894
122894
124026
124882
125561
126028
126361
126881
126881
127354
127705
128036
128348
128740
129325
129325
129797
130212
130701
131262
131833
132458
132458
133338
134127
134967
135585
136587
137482
137482
138640
139658
140688
141598
142671
143643
143643
144993
146080
147121
148175
149207
150341
150341
151605
152510
153411
154320
155232
156116
156116
156849
157545
158251
158957
159980
161088
161088
162294
163442
164318
165287
166156
166888
166888
167825
168676
169504
170045
170558
171131
171131
171880
172464
173089
173683
174216
174752
174752
175286
175753
176254
176701
177072
177508
177508
177871
178335
178672
178927
179193
179697
179697
179970
180226
180692
180945
181179