0
0
0
0
0
0
0
0
0
0
0
0
0
0
0
0
0
0
0
0
0
0
0
0
0
0
0
0
0
0
0
0
0
0
0
0
0
0
0
0
0
0
1
1
1
1
1
1
1
1
1
1
4
4
4
7
28
28
28
37
37
51
51
51
56
56
56
56
62
68
68
75
76
77
77
77
78
78
78
79
79
79
79
79
79
79
79
79
81
81
81
81
81
81
81
82
82
82
82
82
82
82
82
82
82
82
82
82
82
82
82
82
82
82
82
82
82
82
82
82
82
82
82
82
82
82
82
82
82
82
82
82
82
82
82
82
82
82
82
82
82
82
82
82
82
82
82
82
82
82
82
82
82
82
82
82
82
82
82
82
82
82
83
83
83
83
84
84
84
84
84
84
84
84
84
84
84
85
86
86
86
86
86
86
86
86
86
86
87
88
88
88
88
89
89
89
89
89
89
89
89
89
89
90
90
91
91
91
94
97
98
99
99
99
99
100
102
102
105
106
107
107
107
107
107
107
107
107
107
107
107
108
109
109
111
111
111
111
111
112
112
113
113
114
115
116
116
117
117
117
117
118
118
119
120
123
126
127
130
131
135
139
142
144
148
163
174
183
192
217
224
224
235
252
282
324
340
365
402
428
450
476
513
533
551
598
631
659
692
741
765
788
801
846
877
905
928
970
985
989
1002
1051
1072
1094
1109
1112
1156
1158
1183
1208
1231
1253
1253
1270
1286
1318
1339
1351
1378
1396
1397
1404
1432
1441
1466
1482
1514
1566
1579
1600
1635
1676
1711
1758
1784
1826
1858
1920
1980
2000
2018
2038
2069
2104
2136
2175
2202
2222
2224
2246
2295
2309
2311
2329
2340
2346
2355
2370
2375
2378
2383
2389
2395
2398
2405
2415
2432
2437
2441
2454
2455
2458
2475
2484
2493
2493
2497
2497
2509
2513
2518
2518
2523
2526
2527
2532
2534
2537
2538
2539
2540
2540
2540
2542
2543
2545
2546
2550
2553
2553
2558
2564
2566
2567
2575
2576
2577
2582
2588
2589
2590
2592
2594
2594
2596
2601
2602
2612
2612
2615
2616
2620
2622
2627
2628
2632
2634
2636
2642
2645
2649
2658
2664
2664
2670
2675
2678
2679
2685
2697
2697
2702
2714
2722
2738
2753
2754
2768
2770
2780
2790
2804
2813
2823
2836
2849
2851
2855
2866
2884
2885
2903
2908
2921
2926
2936
2940
2946
2948
2956
2961
2963
2967
2970
2974
2975
2978
2980