0
0
0
0
0
0
0
0
0
0
0
0
0
0
0
0
0
0
0
0
0
0
0
0
0
0
0
0
0
0
0
0
0
0
0
0
0
0
0
0
0
0
0
0
0
0
0
0
0
0
0
0
0
0
0
0
0
0
3
3
3
12
17
19
23
26
26
39
43
57
57
59
70
70
72
82
88
93
93
93
102
106
106
108
110
111
117
120
121
121
121
121
121
122
123
124
128
128
128
128
132
135
149
149
151
158
193
193
193
193
186
186
212
230
238
283
304
322
326
371
405
448
488
527
542
586
612
656
698
758
771
826
845
908
957
975
1026
1052
1094
1138
1162
1203
1240
1252
1272
1290
1317
1378
1403
1443
1503
1596
1640
1724
1787
1829
1922
2005
2078
2138
2214
2303
2403
2512
2728
2941
3250
3472
3573
3782
4143
4578
4867
5080
5343
5605
6089
6467
6849
7049
7153
7548
8162
8381
8741
8866
9295
9690
10104
10317
10748
10868
11273
11528
11660
11895
12222
12526
12708
12922
13086
13202
13317
13397
13522
13643
13724
13827
13886
14009
14074
14154
14218
14277
14327
14402
14475
14554
14592
14696
14791
14843
14863
14957
15023
15106
15187
15269
15319
15352
15435
15520
15624
15669
15737
15757
15769
15803
15871
15925
15971
16020
16053
16073
16136
16167
16191
16221
16257
16285
16348
16377
16408
16454
16493
16529
16558
16570
16600
16633
16654
16676
16702
16718
16726
16754
16754
16754
16754
16810
16810
16810
16810
16810
16810
16810
16968
16968
16968
16968
16968
16968
16968
17111
17111
17111
17111
17111
17111
17111
17111
17223
17223
17223
17223
17223
17223
17223
17310
17310
17310
17310
17310
17310
17310
17341
17341
17341
17341
17341
17341
17341
17341
17341
17341
17341
17341
17341
17473
17473
17473
17473
17473
17473
17473
17587
17587
17587
17587
17587
17587
17587
17587
17633
17633
17633
17633
17633
17633
17633
17714
17714
17714
17714
17714
17714
17767
17767
17767
17767
17767
17767
17767
17767
18001
18001
18001
18001
18001
18001
18001
18301
18301
18301
18301
18301
18301
18301
18743
18743
18743
18743
18743
18743
18743
19065
19065
19065
19065
19065
19065
19065
19360
19360
19360
19360
19360
19360
19360
19598
19598
19598
19598
19598
19598
19598
19831
19831
19831
19831
19831
19831
19831
19831
19831
19831
19831
19831
19831
20155
20155
20155
20155
20155
20155
20155
21356
21356
21587
21688
21826
21999
22113
22275
22484
22616
22682
22844
23040
23230
23424
23585
23969
24264
24426
24696
24968
25262
25572
25709
25874
26127
26475
27034
27548
28063
28541
28765
29348
30207
31039
31617
32205
32798
33202
33592
34069
34775
35262
35746
36045
36190
36510
36696
37014
37296
37630
37751
37989
38116
38337
38641
38874
39012
39162
39351
39510
39759