0
0
0
0
0
0
0
0
0
0
0
0
0
0
0
0
0
0
0
0
0
0
0
0
0
0
0
0
0
0
0
0
0
0
0
0
0
0
0
0
0
0
0
0
0
0
0
0
0
0
0
0
0
0
0
0
0
0
0
0
0
0
0
2
4
11
18
18
25
28
31
36
39
41
45
47
56
59
74
87
87
105
123
144
148
171
171
216
224
246
258
293
309
325
370
389
408
424
482
490
508
544
563
580
612
631
650
668
692
704
712
730
758
779
806
835
860
874
901
931
947
969
1015
1030
1059
1077
1116
1194
1226
1250
1265
1315
1351
1386
1461
1485
1523
1533
1547
1586
1667
1722
1752
1776
1809
1860
1885
1890
1906
1923
1933
1933
1961
1978
2005
2039
2060
2118
2147
2173
2181
2202
2260
2285
2303
2330
2331
2348
2358
2370
2404
2406
2411
2412
2423
2433
2440
2467
2472
2475
2475
2477
2494
2494
2503
2503
2510
2513
2520
2521
2522
2535
2535
2541
2543
2543
2546
2552
2561
2565
2567
2573
2577
2582
2597
2597
2614
2640
2640
2666
2667
2667
2688
2699
2705
2708
2713
2717
2730
2736
2757
2773
2776
2777
2802
2807
2814
2833
2842
2870
2882
2898
2909
2912
2916
2924
2935
2940
2966
2966
2991
3006
3013
3024
3030
3034
3041
3064
3080
3086
3090
3101
3118
3131
3156
3170
3184
3189
3195
3210
3235
3248
3273
3286
3296
3297
3352
3368
3378
3379
3388
3407
3411
3428
3440
3444
3472
3490
3499
3515
3530
3537
3545
3554
3565
3573
3584
3609
3633
3657
3676
3706
3712
3745
3753
3792
3806
3868
3900
3948
3980
4033
4093
4169
4206
4255
4326
4417
4461
4505
4567
4659
4688
4710
4762
4837
4880
4938
5062
5135
5290
5442
5469
5576
5649
5721
5814
5836
5878
5969
6049
6120
6164
6191
6232
6291
6347
6441
6488
6574
6629
6703
6796
7029
7090
7203
7226
7253
7260
7349
7395
7427
7512
7565
7600
7664
7687
7738
7759
7800
7823
7839
7855
7880
7897
7911
7937
7965
7983
7995
8006
8037
8056
8063
8069
8091
8100
8111
8119
8130
8145
8160
8176
8181
8192
8203
8218
8222
8226
8229
8235
8241
8256
8256
8260
8292
8299
8306
8324
8332
8349
8358
8365
8376
8390
8420
8446
8470
8509
8560
8580
8613
8613
8710
8782
8813
8862
8913
8933
9018
9066
9118
9191
9270
9330
9380
9474
9577
9647
9719
9773
9871
9921
9998
10042
10199
10285
10432
10580
10620
10758
10841
11254
11393
11705
11844
12002
12179
12467
12706
12835
12980
13070
13145
13246
13336
13420
13504
13560
13627
13658
13722
13780
13815
13858
13896
13915
13937
13969
13998
14029
14059
14082
14108
14115
14133
14149
14149