0
0
0
0
0
0
0
0
0
0
0
0
0
0
0
0
0
0
0
0
0
0
0
0
0
0
0
0
0
0
0
0
0
0
0
0
0
0
0
0
0
0
0
0
0
3
3
3
5
6
6
12
18
21
30
38
38
53
64
73
90
107
110
129
134
139
149
151
156
169
188
196
202
213
227
241
293
299
337
350
370
378
384
393
399
412
422
426
427
431
443
444
445
447
448
448
450
458
463
465
467
468
477
480
482
484
486
489
490
496
503
506
508
522
532
546
553
558
569
584
599
600
609
610
611
611
612
616
616
618
618
619
620
622
622
625
627
629
630
632
635
640
645
646
649
650
656
662
663
663
664
665
665
665
665
668
670
670
670
670
670
671
671
672
672
672
672
673
673
674
674
674
674
674
674
674
674
674
675
677
677
677
679
680
686
686
700
701
708
720
814
824
845
860
874
890
926
946
995
1035
1089
1112
1141
1190
1245
1276
1348
1306
1375
1423
1470
1510
1546
1577
1612
1667
1705
1751
1788
1820
1847
1862
1883
1909
1931
1965
1984
2014
2039
2076
2099
2162
2204
2247
2274
2352
2405
2454
2560
2595
2634
2699
2731
2776
2814
2856
2898
2929
2958
2979
3006
3035
3058
3095
3139
3204
3270
3327
3374
3442
3506
3581
3681
3776
3844
3937
4048
4160
4282
4486
4628
4737
4871
5026
5137
5258
5373
5498
5578
5685
5760
5866
5942
6042
6182
6400
6506
6590
6764
6893
7039
7141
7243
7396
7537
7646
7796
7917
8034
8137
8247
8420
8560
8681
8822
8924
9004
9137
9253
9405
9501
9609
9752
9873
9975
10101
10197
10320
10423
10520
10659
10699
10778
10884
10980
11101
11153
11254
11303
11415
11475
11569
11621
11714
11802
11910
11992
12062
12112
12241
12325
12426
12541
12665
12774
12909
12997
13082
13230
13388
13612
13776
13967
14212
14396
14529
14769
14958
15079
15272
15447
15588
15742
15942
16129
16280
16423
16542
16658
16861
16999
17192
17400
17585
17721
17903
18027
18168
18306
18385
18442
18576
18676
18813
19015
19182
19333
19497
19651
19789
19945
20047
20246
20409
20563
20762
20892
21085
21306
21532
21724
21982
22219
22482
22657
22993
23226
23588
23871
24216
24398
24599
24847
25357
25640
25969
26267
26535
26748
27061
27272
27515
27694
27904
28128
28319
28409
28510
28612
28715
28808
28875
28938
28993
29033
29085
29127
29189
29223
29279
29343
29408
29463
29511
29548
29614
29661
29720
29778
29833
29860
29927
29966
30026
30039
30063
30096
30129
30149
30174
30189
30234
30249
30276
30292
30307
30319
30354
30381
30411
30420
30432
30438
30447
30458
30464
30469
30473