0
0
0
0
0
0
0
0
0
0
0
0
0
0
0
0
0
0
0
0
0
0
0
0
0
0
0
0
0
0
0
0
0
0
0
0
0
0
0
0
0
0
0
0
0
0
0
0
0
0
0
0
0
0
0
0
3
3
12
14
28
36
42
48
81
94
102
107
128
143
161
169
186
196
227
244
268
273
314
318
319
324
324
324
324
324
324
325
328
328
328
329
331
331
331
332
334
334
332
332
332
332
332
332
332
332
332
332
332
332
332
332
332
332
332
332
332
332
332
332
332
332
332
334
334
334
334
334
335
335
335
335
335
335
335
337
337
337
337
337
337
337
337
337
337
337
337
337
337
337
337
337
340
340
341
341
341
341
341
341
341
341
341
341
341
341
342
342
342
342
342
342
342
342
342
343
343
343
343
343
343
343
343
343
344
344
344
344
344
344
344
344
344
344
344
344
344
344
344
344
344
344
344
344
344
345
346
346
346
346
346
346
346
346
346
347
348
348
355
355
355
355
356
356
356
356
356
356
356
356
361
361
361
361
361
361
361
365
365
366
366
366
366
366
367
367
367
367
367
367
367
367
381
381
385
385
385
387
395
395
395
395
395
395
404
407
407
415
417
417
417
419
419
419
425
435
435
435
439
439
439
439
441
441
446
451
451
452
453
453
453
453
453
453
453
468
470
470
478
491
491
494
494
494
494
494
494
494
497
498
501
501
501
504
505
508
508
508
508
508
511
515
515
515
515
515
515
523
524
524
524
524
524
524
524
526
527
527
527
527
527
527
527
527
527
527
527
527
531
531
539
539
539
539
539
545
546
547
547
547
547
547
556
556
556
556
556
556
556
568
568
569
569
569
569
569
582
583
584
584
584
584
584
593
594
595
595
595
595
595
601
603
603
603
603
603
603
603
610
610
610
610
610
610
619
619
619
620
625
639
641
641
641
641
664
711
739
742
747
758
762
768
793
796
805
809
826
850
853
871
871
933
958
996
1028
1039
1095
1104
1112
1121
1130
1167
1171
1183
1190
1192
1193
1198
1201
1202
1202
1203
1203
1203
1203
1204
1205
1205
1206
1206
1206
1206
1207
1208
1209
1211
1211
1211
1214
1216
1216
1226
1240
1246
1256
1257
1266
1274