0
0
0
0
0
0
0
0
0
0
0
0
0
0
0
0
0
0
0
0
0
0
0
0
0
0
0
0
0
0
0
0
0
0
0
0
0
0
0
0
0
0
0
0
0
0
0
0
0
0
0
0
1
1
1
1
1
2
2
2
2
2
2
2
3
3
5
5
5
6
6
6
6
6
6
6
6
6
7
7
7
7
7
7
7
7
7
7
7
7
7
7
7
7
7
7
7
7
8
8
8
8
8
8
8
8
8
8
8
8
8
9
15
20
29
40
62
81
131
141
173
200
227
237
262
268
292
346
423
483
530
588
668
745
784
883
947
1049
1104
1162
1283
1439
1572
1682
1783
1887
2057
2223
2424
2621
2813
2984
3121
3292
3519
3739
3907
4025
4149
4237
4363
4472
4606
4705
4827
4879
4948
5024
5087
5126
5203
5275
5355
5446
5518
5564
5659
5710
5813
5873
5923
5985
6027
6067
6116
6151
6171
6208
6249
6273
6295
6310
6319
6323
6382
6418
6444
6444
6498
6510
6523
6555
6598
6622
6653
6676
6693
6701
6762
6789
6829
6848
6885
6894
6905
6928
6960
6977
6993
7012
7012
7016
7048
7075
7089
7106
7126
7134
7142
7165
7165
7191
7222
7266
7274
7276
7295
7319
7332
7346
7361
7365
7368
7384
7403
7425
7433
7457
7462
7464
7474
7488
7502
7505
7511
7517
7520
7523
7529
7535
7540
7548
7550
7550
7554
7565
7572
7585
7603
7607
7608
7621
7634
7638
7650
7662
7663
7664
7677
7680
7688
7700
7700
7703
7704
7704
7724
7744
7777
7804
7814
7820
7833
7848
7885
7900
7932
7948
7952
7979
7994
8010
8034
8075
8096
8128
8167
8193
8246
8288
8424
8458
8547
8601
8710
8863
9005
9181
9359
9516
9679
9876
10105
10268
10501
10780
10971
11135
11431
11629
11805
12046
12278
12418
12567
12745
12944
13118
13264
13516
13642
13778
13989
14191
14364
14581
14677
14794
14875
14981
15111
15214
15352
15429
15512
15611
15707
15794
15893
15963
15999
16039
16081
16147
16212
16266
16322
16357
16397
16421
16460
16506
16543
16576
16608
16635
16662
16689
16720
16740
16777
16792
16807
16827
16868
16902
16925
16954
16965
16974
16996
17016
17041
17058
17071
17083
17095
17110
17130
17158
17179
17187
17196
17207
17217
17235
17252
17267
17285
17309
17322
17340
17365
17385
17394
17410
17424
17438
17457
17487
17521
17542
17570
17587
17601
17630
17658
17690
17712
17745
17756
17771
17796
17824
17847
17878
17904
17917
17927
17939
17955
17974
17995
18005
18012
18022
18035
18052
18066
18072
18103
18121
18129
18142
18156
18175
18192
18207
18240
18257
18282
18314
18346
18377
18402
18429
18448
18476
18503
18542
18576
18613
18636
18667
18691
18691
18745
18767