0
0
0
0
0
0
0
0
0
0
0
0
0
0
0
0
0
0
0
0
0
0
0
0
0
0
0
0
0
0
0
0
0
0
0
0
0
0
0
0
0
0
0
0
0
0
1
1
3
3
3
6
12
23
23
30
30
49
66
80
94
109
125
149
177
199
231
263
298
353
423
505
591
752
864
965
1056
1174
1289
1438
1560
1662
1712
1934
2049
2154
2264
2378
2472
2548
2614
2778
2926
3110
3304
3408
3481
3638
3771
3897
3980
4052
4121
4248
4363
4476
4605
4728
4867
4927
4995
5154
5406
5553
5745
5934
6060
6138
6340
6553
6704
6847
6994
7093
7147
7305
7537
7725
7896
8098
8251
8360
8548
8795
9018
9247
9511
9700
9807
10025
10321
10727
11093
11459
11740
11879
12254
12732
13106
13556
13953
14200
14363
14714
15078
15453
15776
16080
16250
16357
16613
16898
17150
17445
17672
17814
17906
18141
18471
18666
18924
19208
19382
19439
19708
20040
20264
20494
20794
20980
21115
21442
21798
22105
22483
22828
23034
23154
23521
23947
24343
24733
25113
25362
25482
25814
26222
26628
26990
27443
27660
27841
28223
28697
29087
29483
29905
30183
30377
30789
31415
31937
32484
33072
33478
33828
34358
34982
35546
35904
36404
36700
36920
37208
37740
38372
38906
39473
39797
40055
40556
41144
41704
42183
42714
42978
43207
43734
44361
44983
45648
46336
46596
46796
47446
48232
48953
49666
50534
50875
51194
52029
53042
54064
55016
55888
56579
56901
57732
58794
59915
60833
61762
62151
62618
63275
64424
65076
65860
66652
67050
67302
67958
68791
69568
70256
71089
71503
71811
72460
73321
74233
75201
76040
76582
76777
77487
78507
79566
80501
81675
82346
82677
83592
84707
86038
87361
88772
89279
89843
90912
92519
93961
95383
96689
97941
98418
99633
101203
102894
104140
105852
107017
107364
108863
110580
112307
113829
115557
116365
117495
119204
120970
122685
124264
125723
126518
127253
128656
130329
131919
133360
134578
135207
135910
136931
138213
139435
140250
140996
141355
141924
142851
143841
144818
145258
145694
145873
146309
146921
147871
148294
148669
149093
149391
149662
150138
150946
151687
152263
152640
152854
153112
153506
154118
154788
155302
155937
156202
156426
156972
157626
158309
158860
159513
159804
160086
160725
161642
162624
163400
164243
164569
164858
165663
166553
167546
168826
169805
170186
170549
171514
172815
174155
175183
176245
176752
177407
178540
180150
181886
183338
184856
185453
186447
187847
189397
191197
192985
194605
195252
195602
196475
198228
200124
201909
203710
204463
205324
207012
208928
210725
212568
214203
215034
216094
217715
219988
222120
223986
225660
226521
227453
228370
230241
231756
233136
234394
235087
235790
236563
237718
239146
240056
240886
241217
241820
242364
243365
244177
244866
245494
245897
246238
246691
247391
248009
248518
248898
249139
249385
249714
250138
250508
250837
251160
251335
251378
251504
251820
252153
252413
252604
252749
252798
252949
253173
253386