0
0
0
0
0
0
0
0
0
0
0
0
0
0
0
0
0
0
0
0
0
0
0
0
0
0
0
0
0
0
0
0
0
0
0
0
0
0
0
0
1
1
1
2
2
2
2
2
3
5
6
7
17
28
29
38
49
63
77
96
115
143
170
225
275
345
402
479
556
617
654
708
791
919
1021
1120
1184
1275
1374
1448
1545
1661
1763
1888
2024
2283
2564
2685
2855
3046
3209
3446
3568
3758
3897
4065
4120
4252
4321
4423
4569
4729
4903
5053
5219
5408
5548
5711
5910
6063
6281
6418
6512
6607
6652
6741
6870
6952
7023
7133
7211
7332
7406
7433
7532
7577
7601
7643
7714
7780
7807
7833
7866
7922
8003
8071
8151
8224
8302
8437
8508
8537
8610
8692
8793
8885
8931
8997
9074
9613
9839
9977
10172
10344
10907
11338
11633
11877
12052
12290
12533
12636
12969
13288
13822
14215
14379
14607
14771
15079
15328
15542
15745
15936
16097
16262
16545
16726
17015
17236
17562
17742
17962
18264
18834
19645
20278
20887
21387
22213
23259
24322
25015
25537
26196
27217
28500
29644
30662
32007
33237
34063
35195
36694
37935
39241
41017
42489
43558
44803
46313
47638
49247
50812
52349
53252
54528
55864
57085
58489
60056
61399
62590
63781
65453
66855
68605
70160
72394
73780
75721
77878
79767
82197
84435
86686
88203
90324
92016
94504
97264
99816
101743
103119
105346
107743
110099
112522
115241
117685
119107
121183
123653
126044
128565
131228
133272
134695
137248
140024
142953
146398
149841
152404
153761
156946
160333
163650
167148
170911
173632
175749
179003
182580
186731
190416
194461
197481
199745
203733
207718
212038
215294
219084
222544
225070
229565
235310
240951
246349
252185
256781
259951
265165
270626
276821
282336
288211
293177
296189
301604
306995
311554
316260
320962
324941
327528
331527
336506
340684
345276
349688
353803
356336
359844
364190
368624
372620
376738
379657
381188
384088
388184
391529
394564
397597
399609
400826
403619
406970
409746
412393
415226
417125
418002
420648
423214
425864
428193
430562
432079
433029
435189
437332
439193
440970
442141
443146
443802
445439
447081
448678
450221
451637
452532
452988
453789
455055
456334
457625
458865
459671
460144
461390
462542
463706
464844
465769
466289
466626
467493
468383
469139
469990
470691
471157
471438
472273
473047
473667
474379
474966
475355
475589
476125
476689
477160
477656
478135
478474
478595
479071
479579
480056
480504
480948
481155
481263
481709
482128
482514
482994
483410
483654
483766
484159
484753
485147
485567
485974
486223
486325
486833
487286
487750
488181
488632
488937
489096
489622
490088
490575
491019
491463
491709
491834
492403
492842
493353
493867
494358
494659
494756
495421
496097
496676
497257
497832
498197
498329
499025
499688
500323
500948
501688
502102
502277
502961
503664
504260
504847
505447
505811
505949
506669
507338
507938
508530
509037
509363
509465
509972
510465
510886
511249
511562
511856
511912
512285
512656
513016
513314
513628
513864
513922
514164
514432
514670