0
0
0
0
0
0
0
0
0
0
0
0
0
0
0
0
0
0
0
0
0
0
0
0
0
0
0
0
0
0
0
0
0
0
0
0
1
1
6
10
18
24
38
82
128
188
265
321
382
503
503
806
962
1138
1416
1711
2058
2467
3003
3640
4217
4764
5580
6438
7468
8647
9819
10930
11817
12667
13696
14788
15821
16727
17953
18926
19709
20682
21903
23249
24571
25746
26710
27580
28316
29383
30619
31766
32838
33588
34317
35032
35921
36729
37384
38040
38440
38612
38998
39512
39989
40434
40769
40968
41286
41518
41973
42292
42581
42826
42987
43183
43410
43680
43880
44070
44195
44341
44449
44647
44900
45088
45265
45437
45647
45780
45970
46152
46328
46460
46645
46749
46852
46939
47148
47358
47541
47780
47945
48109
48294
48458
48668
48847
48990
49155
49295
49412
49527
49634
49710
49801
49866
49930
50012
50122
50213
50282
50355
50433
50483
50545
50623
50698
50761
50834
50870
50907
50959
51013
51055
51136
51237
51308
51362
51471
51572
51682
51809
51955
52142
52307
52475
52640
52837
52984
53278
53424
53647
53895
54249
54590
55021
55408
55786
56279
56750
57465
58117
58717
59360
60058
60391
61718
62406
63127
63889
64468
64980
65560
66218
66843
67456
68051
68570
69224
69683
70382
70984
71557
72128
72679
73232
73802
74660
75356
76173
76907
77857
78702
79792
81085
82016
83370
84709
85876
87194
88673
90425
92262
94345
96261
98217
100491
102844
105304
107899
110758
113518
116559
119509
122620
125988
129283
133166
137194
141226
145837
150413
155465
161332
167348
173894
180288
187138
194591
201942
209799
217821
225970
234203
242217
250411
259207
268517
278546
287229
297466
307831
318152
326308
336629
347801
357640
366351
374663
382440
390120
397112
404392
411107
416806
421503
426227
431696
437376
443533
449501
454961
459837
464205
468900
474641
480649
486820
492293
497501
501503
506557
511162
517045
521639
527336
531930
536129
541238
546982
553040
559716
566628
573750
579997
586643
595473
604452
613630
623567
632085
638801
650072
662943
674967
687250
700322
711540
721429
731902
743493
755038
764907
774009
781467
789059
798592
808382
816616
825249
832702
839316
845822
853060
862805
871063
878443
885098
890566
895543
901740
908306
914388
919712
925355
930147
934503
940106
945948
951747
957213
962153
966194
970156
974972
979702
984120
988350
992075
995300
998924
1003010
1007268
1011636
1015757
1019720
1021966
1023779
1027023
1031454
1035841
1040070
1043541
1046381
1049120
1052544
1057116
1061903
1066522
1071223
1075425
1079272
1083686
1088730
1093899
1098875
1103564
1107347
1111364
1116404
1120566
1125299
1130694
1135258
1139102
1143481
1148836
1154257
1160380
1166923
1172975
1178501
1183567
1189707
1196045
1203622
1211447
1218610
1224947
1230746
1238664
1246682
1254722
1263882
1271580
1278519
1284585
1292806
1301127
1308774
1316913
1324021
1329560
1335312
1341742
1350034
1358016
1366024
1374451
1381182
1387961
1393543
1402433
1411474
1419871
1428440
1435601
1442481
1451071
1460753
1470037
1478144
1486205
1492437
1497806
1506476
1515165
1522973
1528753
1534264
1543494
1551248
1558549
1565352
1572861
1580300
1586868
1592742
1598280
1604659
1610699