0
0
0
0
0
0
0
0
0
0
0
0
0
0
0
0
0
0
0
0
0
0
0
0
0
0
0
0
0
0
0
0
0
0
0
0
0
1
1
1
1
1
3
3
4
5
5
5
5
5
5
5
6
8
8
12
20
28
39
52
102
102
155
205
283
368
451
514
589
647
708
797
868
950
1039
1106
1160
1210
1239
1283
1312
1330
1349
1366
1386
1401
1409
1422
1431
1440
1445
1451
1456
1461
1470
1469
1472
1474
1476
1479
1485
1487
1487
1486
1488
1489
1490
1492
1494
1497
1497
1497
1497
1498
1498
1499
1499
1499
1503
1503
1504
1504
1504
1504
1504
1504
1504
1504
1504
1504
1504
1504
1504
1504
1504
1504
1504
1504
1504
1504
1504
1504
1504
1504
1504
1506
1506
1507
1507
1509
1511
1513
1515
1516
1519
1520
1522
1526
1528
1528
1528
1530
1530
1530
1533
1534
1536
1537
1540
1542
1543
1544
1544
1545
1547
1548
1549
1550
1553
1554
1555
1555
1555
1556
1556
1556
1556
1557
1559
1560
1560
1562
1565
1567
1567
1569
1569
1569
1569
1569
1569
1570
1570
1589
1602
1609
1622
1631
1643
1649
1654
1665
1671
1674
1683
1690
1695
1702
1714
1727
1729
1738
1752
1757
1759
1764
1767
1772
1776
1782
1788
1792
1793
1795
1797
1798
1801
1802
1809
1809
1811
1815
1815
1815
1824
1827
1829
1831
1833
1833
1835
1836
1848
1848
1849
1854
1855
1858
1861
1864
1866
1870
1871
1871
1872
1874
1876
1880
1883
1886
1886
1887
1912
1914
1923
1934
1935
1940
1941
1943
1949
1950
1957
1959
1963
1968
1971
1973
1974
1976
1982
1986
1987
1988
1991
1995
1998
2001
2001
2005
2008
2010
2013
2019
2028
2030
2031
2039
2040
2047
2050
2050
2056
2059
2060
2069
2069
2078
2078
2079
2085
2088
2088
2092
2092
2096
2096
2096
2100
2100
2110
2110
2116
2121
2121
2128
2128
2128
2128
2144
2144
2151
2151
2162
2162
2162
2181
2181
2186
2186
2188
2188
2188
2219
2222
2222
2228
2228
2246
2246
2256
2262
2262
2267
2267
2276
2276
2283
2288
2290
2295
2299
2305
2303
2304
2304
2307
2308
2313
2315
2315
2320
2320
2322
2324
2324
2326
2328
2330
2336
2337
2340
2344
2348
2350
2350
2357
2363
2365
2368
2371
2372
2376
2378
2382
2384
2389
2389
2398
2399
2405
2409
2410
2416
2417
2422
2423
2430
2432
2434
2434
2444
2444
2453
2462
2462
2470
2476
2479
2481
2482
2493
2495
2497
2501
2501
2501
2501
2507
2524
2531
2555
2561
2571
2574
2583
2587
2589
2591
2591
2591
2595
2596
2597
2599
2600
2600
2600
2601
2601
2609
2609
2613
2613
2613
2618
2622
2623
2629
2633
2634
2634
2642
2644
2644
2643
2644
2645