0
0
0
0
0
0
0
0
0
0
0
0
0
0
0
0
0
0
0
0
0
0
0
0
0
0
0
0
0
0
0
0
0
0
0
0
0
1
1
1
1
1
1
1
1
1
1
2
2
2
2
2
2
2
2
3
8
8
12
22
30
40
44
51
65
70
89
111
131
135
174
184
210
214
232
238
254
276
288
305
318
323
343
373
407
442
493
542
627
665
665
873
981
1095
1182
1273
1337
1532
1728
1932
2170
2388
2558
2802
2950
3145
3526
3912
4151
4399
4641
4787
4971
5162
5450
5621
5959
6175
6401
6677
7016
7261
7526
7839
8068
8344
8733
8915
9302
9855
10162
10578
10819
11166
11516
11844
12233
12486
12801
13464
13873
14554
15181
15682
16085
16658
17148
17735
18480
19147
19808
20244
20919
21371
22020
22614
23298
24077
24567
25133
25694
26484
27110
27564
28167
28711
29286
29789
30249
30748
31323
31987
32558
33153
33616
34259
34854
35454
36107
36663
37225
37801
38344
38948
39539
39977
40532
41180
41804
42208
42689
43151
43537
43841
44129
44433
44890
45244
45687
46140
46577
46867
47290
47743
48116
48445
48770
49068
49485
49895
50488
50964
51304
51905
52227
52548
52800
53021
53317
53477
53727
53865
54008
54247
54463
54588
54743
54905
55005
55160
55456
55632
55829
56017
56177
56256
56388
56478
56604
56735
56956
57145
57242
57437
57613
57724
57849
58062
58198
58324
58460
58647
58848
59001
59127
59287
59345
59465
59583
59738
59841
59992
60103
60266
60430
60655
60834
60982
61194
61307
61440
61558
61630
61667
61805
61882
61930
61992
62111
62224
62371
62521
62691
62853
62964
63036
63173
63328
63508
63731
63790
64090
64184
64336
64516
64728
64884
64996
65148
65305
65457
65693
65839
65982
66228
66383
66439
66607
66805
66974
67220
67330
67412
67557
67838
67960
68303
68627
68937
69255
69645
70195
70669
71344
72140
72757
73175
73374
74132
75062
76207
77013
77933
78434
78790
79789
80922
81963
82747
83576
84414
84811
85560
86576
87607
88587
89163
90080
91351
92705
94369
95934
97478
99063
100087
101331
102601
103999
105478
107345
108943
110387
112004
113305
114691
116655
118138
120602
121566
122996
124299
126160
127024
128674
130557
131242
131918
133552
134690
136030
137654
139242
139748
140391
141447
142578
143516
144521
145664
146184
146928
148296
149369
150246
150908
151553
152074
152616
153187
153842
154476
155076
155417
155657
156017
156496
156960
157671
158042
158237
158506
158906
159252
159646
159933
160332
160537
160657
160895
161074
161261
161409
161539
161651
161737
161868
162076
162178
162275
162388
162489
162593
162641
162762
162891
162997
163063
163113
163195
163330
163388
163498
163581
163652
163736
163799
163837
163911
164000
164080
164147
164207
164233
164303
164423
164488
164588
164633
164684
164719
164756
164912
164993
165055
165110
165110
165153
165199
165215
165273
165301
165340
165370
165419
165468
165515
165559
165612