0
0
0
0
0
0
0
0
0
0
0
0
0
0
0
0
0
0
0
0
0
0
0
0
0
0
0
0
0
0
0
0
0
0
0
1
1
6
15
19
25
32
56
87
108
147
176
205
400
598
702
996
1090
1221
1333
1463
1550
1746
1914
2118
2385
2621
2863
3084
3369
3755
4015
4284
4445
4641
4863
5147
5370
5550
5687
5865
6086
6086
6211
6314
6409
6525
6603
6623
6740
6896
6937
7036
7078
7156
7191
7338
7401
7463
7499
7527
7599
7660
7710
7738
7783
7809
7847
7904
7955
7996
8034
8070
8099
8105
8132
8157
8175
8196
8219
8237
8249
8257
8267
8281
8309
8332
8346
8352
8364
8383
8401
8411
8422
8437
8440
8446
8455
8477
8504
8522
8531
8547
8561
8576
8594
8608
8620
8628
8631
8647
8660
8692
8708
8726
8742
8745
8751
8772
8788
8788
8832
8846
8855
8862
8879
8896
8902
8921
8926
8930
8936
8947
8950
8965
8974
8977
8981
8984
9001
9011
9015
9025
9028
9028
9034
9053
9059
9085
9092
9111
9117
9132
9150
9172
9208
9240
9253
9268
9334
9362
9409
9468
9551
9599
9638
9684
9751
9783
9851
9908
9965
10005
10060
10111
10162
10197
10275
10299
10323
10395
10454
10504
10542
10582
10611
10643
10782
10871
11034
11120
11231
11296
11388
11521
11623
11746
11867
12003
12079
12154
12276
12393
12498
12644
12769
12858
12897
13005
13153
13277
13406
13545
13627
13698
13788
13915
14027
14149
14284
14362
14457
14605
14784
15013
15221
15388
15466
15524
15639
15793
15953
16137
16272
16369
16457
16603
16772
16964
17234
17532
17749
17909
18342
18666
19069
19564
20062
20331
20635
21339
21956
22578
23229
23835
24243
24732
25325
25887
26511
27228
27916
28434
28434
28434
30114
30770
31441
32014
32352
32765
33183
33717
34268
34748
35193
35546
35828
36150
36591
36969
37371
37801
38073
38323
38703
39163
39525
40023
40439
40803
41003
41334
41852
42312
42776
43207
43582
43905
44336
44932
45455
45931
46248
46678
47059
47585
48278
49010
49567
49803
50266
50716
51245
52180
52967
53792
54476
54919
55474
55903
56615
57282
57736
58202
58445
58651
59034
59456
59887
60259
60565
60803
61082
61315
61594
61961
62276
62575
62793
62966
63262
63553
63839
64212
64483
64653
64772
65118
65338
65547
65811
66236
66392
66501
66854
67140
67498
67824
68107
68315
68532
68758
69148
69489
70040
70564
70826
71006
71735
72234
72923
73493
74183
74546
74942
75770
76484
77169
78041
78946
79800
80440
81305
82455
83519
84553
85542
86362
86939
88035
89120
90104
90935
92007
92469
93150
94139
95208
96079
96770
97410
98102
98676
99249
100149
101082
101960
102719
102974
103621
104269
105008
105607
106224
106727
107144
107510
108028
108342
109137
109581
110061
110390
110612
111162
111686
112156
112541
112970
113259
113469
113952
114436
114905
115411
115818
116134
116365
117022
117495
117995
118315