0
0
0
0
0
0
0
0
0
0
0
0
0
0
0
0
0
0
0
0
0
0
0
0
0
0
0
0
0
0
0
0
0
0
0
0
0
0
0
0
0
0
0
0
0
0
0
0
0
0
0
0
0
0
0
0
0
0
1
1
1
1
1
1
1
1
1
1
1
1
1
1
1
1
1
2
2
2
2
2
2
2
2
2
2
7
7
7
7
7
7
8
8
8
8
8
8
8
8
8
8
8
8
8
8
8
8
8
8
8
8
8
8
8
8
8
8
8
8
8
8
8
8
8
8
8
8
8
8
8
8
8
8
8
8
8
8
8
8
8
8
8
8
8
8
8
8
8
8
8
8
8
9
9
10
10
11
11
11
11
11
11
11
11
11
11
11
11
11
11
11
11
11
11
11
11
11
15
16
16
19
27
30
31
32
39
62
62
63
63
63
72
91
110
111
114
153
163
188
188
214
214
214
287
271
271
271
323
333
347
347
361
361
361
401
401
419
419
424
453
453
459
459
460
471
471
479
488
497
497
503
504
507
508
508
510
511
511
516
516
516
516
517
517
527
527
531
532
532
532
532
534
534
539
539
540
540
540
541
541
549
549
549
554
565
565
578
578
578
581
581
581
581
581
583
583
583
583
588
588
588
589
589
589
589
590
597
597
597
597
597
599
599
599
599
599
600
600
602
602
602
604
604
604
604
604
630
630
645
645
645
645
645
656
669
669
671
671
671
671
671
684
684
684
720
720
725
725
729
729
760
760
760
760
761
761
761
780
780
780
780
780
780
780
780
780
780
799
799
799
799
799
811
811
811
819
823
833
834
834
834
834
834
834
835
835
835
835
835
835
850
851
851
851
851
851
867
867
867
867
891
891
895
900
900
900
914
914
914
914
914
955
955
955
955
970
970
1056
1111
1139
1228
1228
1275
1275
1365
1365
1365
1365
1492
1492
1583
1670
1741
1741
1819
1819
1819
2173
2269
2351
2351
2479
2658
3085
3085
3359
3758
4109
4109
4660
4660
5184
5349
5620
5991
6112
6475
6619
7038
7406
7406
7634
7839
7839
8342
8442
8602
8821
8984
9188
9343
9343
9738
9952
9952
9952
10338
10338
10602
10670
10835
10835
10915
10997
10997
11119
11206
11262
11273
11273
11630
11630
11630
11630
12086
12493
12997
13242