0
0
0
0
0
0
0
0
1
1
1
2
2
2
2
2
3
3
3
3
3
3
3
3
3
3
3
3
3
3
3
3
3
3
3
3
3
3
3
3
3
3
3
3
5
6
10
20
33
49
52
64
111
140
142
187
202
217
230
307
380
462
552
636
707
803
1075
1418
1546
2084
2311
2633
3018
3094
3246
3660
3764
3870
4076
4195
4428
4648
4932
5223
5453
5660
5878
6087
6259
6459
6599
6710
6981
7192
7294
7579
7777
7958
8212
8488
8772
8928
9223
9485
9684
10004
10343
10463
10610
10794
11086
11350
11618
11876
12091
12305
12513
12718
12942
13221
13434
13597
13777
14035
14319
14669
15049
15588
16634
17224
18086
18638
18997
19748
20382
20626
21340
21895
22474
22992
23732
24175
24787
25392
25930
26420
26781
27238
27799
28459
29400
30052
30682
31825
32295
33069
34073
34803
35455
36438
37514
38511
38805
40336
41830
44254
46333
47873
50359
51754
52914
54222
56259
57006
57545
58850
61266
63001
65304
67456
68898
70764
72269
74390
76444
78412
80448
82040
83673
85486
89374
93354
98232
103185
106330
112593
115980
119460
122754
126885
129913
136638
139538
143749
147526
153660
157918
161253
164474
169213
173774
178022
182365
187249
189601
194252
197164
202361
205581
209544
213131
217396
220819
224264
226440
228403
232072
234570
237365
238727
241987
245143
248947
252964
257863
261216
265888
269407
272934
276289
279526
283460
286743
290190
291789
294591
296755
299361
301256
304226
307288
309303
311694
314079
316678
319330
322497
324762
326833
329637
331869
334770
336926
339341
342816
344713
346536
348698
351750
354338
356618
359169
360775
362243
363888
365799
367819
370028
371630
373144
375180
376935
378933
380729
383113
385400
387161
388137
389725
391809
393961
396395
398449
399749
401416
402820
404713
406337
407838
409574
410718
412097
413430
415067
416852
418818
420614
421722
422915
424297
425918
427797
429864
431630
432925
434357
435413
436345
438069
439834
441399
442785
444164
445540
447039
448331
449400
450733
451839
452988
454447
456562
458044
459789
461505
462815
464004
465724
467601
469005
469886
470650
471526
472532
474064
475820
476916
477807
478761
479693
480737
482083
483852
485797
487690
489736
491258
492700
494605
496646
498691
500577
502736
504084
505939
507717
509887
511679
513619
514996
516166
518407
519575
521413
523516
525618
527272
528853
530118
531699
533587
535521
537310
538995
540227
541560
543282
545300
547255
549176
550860
552246
553424
555163
557058
559288
561169
563456
564865
566420
568680
571327
574247
576352
578381
580442
582223
584667
587704
591138
594412
597763
600428
603308
607048
611618
616611
621498
626893
631320
635698
640984
648066
656056
663794
671792
677653
684311
693048
702856
712442
721892
731894
741181
747288
756199
771497
784043
795051
803398
812760
819164
828366
840554
853209
864868
876225
884783
892880
904285
914971
926052
936133
945745
953106
962307
971049
979740
989380
997523
1006428
1013618
1020495
1028738
1037460
1046653
1054983
1062225
1067892
1073555
1080172
1087885
1094849
1101990
1108826
1113547
1118359
1124724