0
0
0
0
0
0
0
0
0
2
2
2
2
2
2
2
2
2
2
2
2
2
2
2
2
2
2
2
2
2
2
2
2
2
2
2
2
2
2
2
3
3
3
4
13
13
17
17
20
20
28
45
59
63
90
114
147
199
253
306
367
438
495
658
840
1036
1264
1534
1836
2337
2777
3548
4149
4731
5389
6343
7497
8672
10131
11917
13584
15770
18328
21102
24490
27938
32008
36793
42853
47121
52763
57999
62773
68622
74588
80949
87147
93558
99399
106498
114431
124054
134687
145268
155370
165929
177160
187859
198676
209688
221344
232243
242271
252245
262843
272043
281752
290678
299941
308705
317554
326448
335882
344481
353427
362342
370680
379051
387623
396575
405843
414328
423186
431715
440538
449256
458102
467073
476043
484630
493023
501800
510761
519458
528267
536484
544725
552549
560321
568292
576162
583879
591465
598878
606043
613148
619936
626779
633563
640246
646929
653479
660231
666941
673564
680283
686852
693215
699749
706240
712863
719449
726036
732547
738787
745197
751612
758001
764215
770311
776212
782040
787890
793720
799499
805332
811073
816680
822060
827509
832993
838461
843890
849277
854641
859762
864948
870187
875378
880563
885718
890799
895691
900745
905762
910778
915808
920719
925558
930276
935066
939833
944671
949531
954328
959016
963655
968297
972972
977730
982573
987470
992402
997072
1001965
1006923
1011987
1017131
1022228
1027334
1032354
1037526
1042836
1048257
1053663
1059024
1064438
1069873
1075485
1081152
1086955
1092915
1098958
1105048
1111157
1117487
1123976
1131088
1138509
1146273
1154299
1162428
1170799
1179634
1188928
1198663
1209039
1219796
1231277
1242258
1253603
1265572
1278245
1291687
1305093
1318783
1332824
1346380
1361317
1376020
1390824
1406667
1422775
1438219
1453923
1471000
1487260
1503652
1520800
1537142
1553028
1570446
1588433
1606267
1624648
1642665
1661096
1680579
1699695
1720063
1740172
1760420
1781997
1802762
1822345
1843678
1865395
1887836
1910149
1932711
1954912
1975629
1998966
2023025
2047563
2071858
2096749
2120836
2144229
2169424
2196691
2223500
2249890
2275936
2302062
2327105
2354934
2382012
2410462
2439163
2466961
2492713
2518551
2546113
2574319
2602048
2629699
2656601
2682866
2708940
2736727
2764843
2792615
2821125
2850042
2878382
2905196
2934695
2963290
2992123
3019972
3047335
3073923
3100018
3127347
3153960
3179898
3203743
3226758
3250713
3274615
3297833
3321163
3344175
3366715
3389733
3412390
3434934
3459237
3483531
3507201
3530379
3552888
3574330
3595136
3616680
3637862
3658447
3679247
3698246
3716228
3733692
3752548
3771514
3790265
3808348
3825739
3842145
3858367
3874830
3891274
3907653
3923461
3939162
3953970
3968228
3983031
3997898
4012538
4026506
4040505
4053535
4066164
4079407
4092649
4105424
4117992
4130447
4142126
4153735
4164802
4175757
4187166
4198400
4209850
4220291
4230707
4241970
4252876
4263785
4274263
4284408
4293750
4302726
4311893
4321588
4331396
4341381
4350728
4360033
4368943
4378656
4388268
4397816
4407031
4416226
4424595
4433364
4442492
4451565
4460348
4469327
4477916
4486078
4494234
4503291
4511973
4520879
4529576
4538101
4546307
4554481
4563026
4572053
4580633
4589209
4597400
4605444
4613646
4622464
4631336
4640537
4649044
4657509
4665553
4673699
4682573
4691290
4699988
4708640
4717321
4725252
4732981
4742142
4750755
4759902
4768476
4776844
4784497
4792354
4799872
4808133
4816331
4824621
4832959
4840948
4849044
4857303