0
0
0
0
0
0
0
0
0
0
0
0
0
0
0
0
0
0
0
0
0
0
0
0
0
0
0
0
0
0
0
0
0
0
0
0
0
0
0
0
0
0
0
0
0
0
0
0
0
0
0
0
1
1
5
7
8
8
17
17
19
36
40
41
50
54
60
70
70
75
82
84
89
102
104
105
105
110
110
118
120
126
127
134
136
138
143
144
147
147
150
153
154
176
183
191
207
212
225
243
249
255
259
261
261
268
271
273
280
284
285
286
287
287
287
289
292
297
308
314
320
321
325
327
336
339
346
349
355
359
370
377
384
397
410
420
431
439
451
463
476
494
510
541
582
612
636
639
646
661
702
728
787
798
830
850
858
878
900
1001
1025
1042
1063
1081
1092
1105
1113
1172
1194
1210
1252
1299
1337
1378
1416
1435
1473
1485
1539
1582
1629
1655
1689
1710
1729
1752
1821
1879
1926
1963
1994
2022
2042
2062
2092
2099
2104
2111
2128
2134
2140
2152
2171
2189
2200
2293
2352
2453
2540
2577
2644
2717
2780
2889
3089
3306
3537
3625
3672
3742
3843
4020
4063
4142
4218
4255
4304
4349
4374
4409
4439
4460
4479
4534
4565
4591
4602
4624
4634
4653
4671
4689
4711
4722
4738
4779
4789
4798
4811
4820
4832
4836
4840
4843
4847
4852
4866
4867
4873
4883
4885
4890
4892
4896
4905
4908
4940
4953
4965
4971
4974
4992
4996
5012
5017
5052
5060
5066
5073
5084
5129
5131
5134
5137
5146
5155
5162
5174
5192
5208
5213
5222
5242
5262
5312
5319
5362
5394
5455
5491
5507
5543
5572
5586
5620
5665
5726
5750
5779
5851
5872
5891
5919
5934
5948
5994
6011
6043
6084
6129
6191
6237
6278
6349
6428
6528
6659
6747
6832
6954
7032
7105
7232
7293
7402
7511
7598
7670
7743
7817
7970
8021
8128
8250
8383
8460
8567
8676
8848
8955
9058
9225
9368
9461
9630
9784
9950
10122
10316
10573
10850
11032
11259
11548
11860
12170
12443
12647
12975
13311
13885
14166
14529
14784
15118
15304
15459
15688
15834
15988
16186
16337
16451
16621
16811
16941
17068
17200
17267
17343
17484
17594
17716
17835
17929
17988
18053
18199
18325
18443
18553
18689
18790
18850
18986
19111
19198
19334
19426
19509
19551
19659
19779
19846
19945
20057
20143
20186
20302
20412
20480
20551
20681
20761
20828
20896
20975
21106
21210
21309
21370
21419
21490
21645
21783
21918
22167
22243
22482
22684
22862
23041
23152
23260
23343
23426
23535
23603
23672
23744
23812
23866
23888
23934
24005
24112
24262
24459
24535
24593
24677
24814
24888
24995
25116
25225
25253
25311
25351
25421
25486
25539
25586
25652
25714
25773
25846
25934