0
0
0
0
0
0
0
0
0
0
0
0
0
0
0
0
0
0
0
0
0
0
0
0
0
0
0
0
0
0
0
0
0
0
0
0
0
0
0
0
0
0
0
0
0
0
0
0
0
0
0
0
1
2
2
2
2
2
2
2
2
3
3
3
3
3
3
9
9
13
13
13
13
14
14
14
14
14
14
15
15
15
15
15
15
15
15
15
15
15
15
15
15
15
15
15
15
15
17
17
17
17
18
18
18
18
18
18
18
18
18
18
18
18
18
18
18
18
18
18
18
18
18
18
18
18
18
18
18
18
18
18
18
18
19
19
19
19
19
19
19
19
19
19
19
19
19
19
19
19
19
19
19
19
19
19
19
19
19
19
19
19
19
22
22
22
22
22
22
22
22
22
22
22
22
22
23
23
23
23
23
23
23
24
24
24
24
24
24
24
25
25
25
25
25
25
25
25
25
25
25
25
25
25
25
25
25
25
25
26
26
26
26
26
26
26
26
26
26
26
26
26
26
26
26
26
26
26
26
26
26
27
27
27
27
27
27
27
27
27
27
27
27
27
27
27
27
27
27
27
27
27
27
27
27
27
27
27
27
27
28
28
29
29
29
29
31
31
32
33
33
36
36
38
42
48
52
54
63
65
67
76
78
78
84
84
97
105
106
110
123
131
141
148
148
148
156
160
162
171
178
183
203
203
204
220
223
226
235
238
246
252
257
259
259
261
262
262
265
265
270
270
270
270
274
274
275
278
278
278
279
280
282
287
287
303
305
305
305
305
305
331
331
340
353
353
353
353
360
380
382
383
395
438
438
462
490
502
543
576
611
611
621
656
713
718
755
770
810
886
921
969
1029
1195
1195
1195
1411
1470
1479
1556
1556
1813
1813
2027
2027
2027
2415
2487
2487
2519
2519
2549
2576
2620
2620
2860
3078
3135
3142
3149
3149
3356
3356
3390
3390
3779
3803
3814
3814
3843
3866
3871
3902
3941
3966
3989
3989
4031
4053
4069
4083
4097
4113
4113
4121
4132
4149
4161
4172
4191
4191
4191
4202
4228
4238
4245
4265
4273
4273
4273
4297
4304
4312
4329
4347
4348
4355
4355
4355
4355
4398
4401
4401
4419
4419
4444
4455
4455
4463
4486
4502
4508
4508
4534
4552
4560
4560
4560
4573
4585
4607
4607
4654
4654
4690
4700
4725
4725