0
0
0
0
0
0
0
0
0
0
0
0
0
0
0
0
0
0
0
0
0
0
0
0
0
0
0
0
0
0
0
0
0
0
0
0
0
0
0
0
0
0
0
0
0
0
0
0
0
0
0
0
0
0
0
0
0
0
0
0
0
0
0
0
0
0
0
0
0
0
0
0
0
0
0
4
4
4
4
4
4
4
4
4
4
4
4
4
4
4
4
4
4
4
4
4
4
8
8
14
16
16
16
23
174
174
187
208
208
208
208
208
220
235
235
235
235
246
251
251
251
251
251
251
299
441
443
458
463
479
483
484
484
484
485
499
499
513
513
514
611
632
639
659
661
662
671
683
688
693
698
698
702
707
710
711
712
713
713
713
714
715
717
719
719
720
721
724
724
726
727
727
729
732
732
737
740
741
743
746
746
746
747
749
860
862
863
865
867
868
870
871
874
874
874
875
878
878
878
878
878
878
881
882
883
885
885
885
885
885
885
888
891
892
892
892
892
892
894
895
895
896
896
896
896
897
897
898
898
898
898
898
901
906
906
906
906
907
907
907
908
908
908
908
908
908
910
911
911
911
911
911
911
911
911
913
913
913
914
914
921
922
922
929
929
929
929
929
932
932
933
933
933
935
935
938
940
940
941
941
943
944
945
945
949
949
954
958
958
960
962
962
962
962
962
963
963
964
965
965
967
967
974
974
979
979
981
981
982
985
985
989
989
991
996
997
997
999
999
999
1002
1005
1005
1009
1009
1009
1009
1010
1010
1010
1011
1011
1012
1012
1012
1012
1012
1012
1014
1014
1014
1014
1014
1014
1014
1022
1024
1024
1024
1024
1025
1035
1054
1066
1066
1066
1090
1105
1119
1125
1130
1142
1142
1151
1170
1171
1182
1188
1188
1189
1210
1221
1232
1245
1256
1257
1259
1283
1287
1298
1346
1351
1351
1355
1385
1430
1431
1478
1482
1482
1482
1520
1535
1548
1578
1578
1610
1628
1655
1672
1719
1745
1786
1786
1828
1840
1881
1898
1923
1944
1950
1961
1977
2010
2035
2057
2078
2078
2084
2085
2107
2114
2123
2142
2145
2157
2159
2174
2177
2196
2210
2212
2215
2221
2223
2232
2236
2240
2240
2244
2248
2255
2255
2261
2263
2266
2267
2268
2269
2271
2272
2275
2275
2275
2283
2288
2292
2292
2297
2298
2299
2299
2301
2301
2302
2302
2310
2310
2311
2314
2317
2317
2318
2318
2318
2320
2320
2320