0
0
0
0
0
0
0
0
0
0
0
0
0
0
0
0
0
0
0
0
0
0
0
0
0
0
0
0
0
0
0
0
0
0
0
0
0
0
0
0
0
0
0
1
1
1
3
3
7
13
17
24
38
51
62
62
116
150
202
240
274
402
554
709
927
1170
1187
1280
1326
1353
1380
1462
1505
1585
1655
1686
1749
1845
1934
2003
2028
2173
2272
2415
2506
2605
2783
3034
3158
3300
3465
3635
3953
4220
4361
4546
4793
4996
5350
5647
5951
6336
6783
7220
7572
7808
8232
8895
9420
10015
10652
11350
12074
12739
13524
14355
15515
16433
17200
18003
19137
20125
21343
22583
23615
24264
25937
27403
29240
30967
32683
34357
35812
37525
40792
43434
45973
48285
50879
52991
55421
58568
61927
65736
70038
73533
76334
80412
83890
87715
92681
97302
101590
106108
111796
118375
124590
131800
138134
144264
151209
159333
168061
177124
187977
196750
205721
215855
224665
238339
250687
264184
276242
287796
298292
311049
324221
337594
350879
364328
373628
381798
394948
408052
421996
434200
445433
452529
459761
471123
482169
493183
503290
511485
516862
521318
529877
538184
545476
553188
559859
563598
566109
568919
572865
579140
583653
587345
589886
592144
596060
599940
603338
607045
609773
611450
613017
615701
618286
620132
622551
625056
627041
628259
630595
633015
635078
636884
638517
639362
640441
642431
644438
646398
648214
649793
650749
651521
653444
655572
657627
659656
661211
661936
663282
665188
667049
668529
669498
670766
671669
672572
674339
676084
677833
679716
681289
682215
683242
685155
686891
688352
690896
692471
693359
694537
696414
698184
700203
702131
703793
705254
706304
708359
710515
712412
714246
715868
716759
717851
719714
721770
723682
725452
726823
727595
728836
730548
732414
734175
735906
737278
738525
740254
742394
744732
746945
749182
751024
752269
754256
757144
759658
762763
765409
767679
769759
772252
775502
778571
781941
785139
787702
790004
792299
796472
800872
805804
810449
814565
817878
821889
828598
836764
845083
852965
860964
866127
873679
883687
892813
901538
912477
921922
930711
940212
954258
968563
983359
994911
1004413
1011871
1021451
1039161
1057161
1073887
1088889
1100748
1113349
1127759
1149591
1170590
1192570
1214176
1231597
1246643
1259748
1278303
1296806
1311686
1325659
1337926
1346936
1356716
1369426
1380807
1392568
1404839
1412986
1417537
1423578
1430648
1437798
1443939
1449236
1453761
1456309
1458958
1463016
1466767
1470516
1473700
1476135
1477511
1479253
1482412
1484900
1487681
1490063
1491807
1492909
1494119
1496439
1498766
1500677
1502367
1503796
1504588
1505586
1507448
1509124
1510778
1512225
1513393
1513959
1514815
1516262
1517666
1518979
1520206
1521068
1521706
1522697
1524174
1525648
1526873
1528414
1529420
1530033
1530966
1532497
1533961
1535423
1536801
1537852
1538451
1538961
1540009
1541563
1543079
1544466
1545431
1545979
1546735
1548157
1549451
1550724
1551501
1551964
1552416
1552853
1553609
1554975
1556242
1557527
1558458
1559113
1559960
1561559
1562931
1564355
1565680
1566769
1567513
1568366
1569935
1571348
1572985
1574370
1575471
1576320
1577200
1578450
1579536
1581210
1582842
1584064
1584961
1586148
1588221
1590370
1592626
1592626
1596595
1597724
1599272
1602031
1605252