0
0
0
0
0
1
1
1
1
1
1
1
1
1
1
1
1
1
1
1
1
1
1
1
1
1
1
1
1
1
1
1
1
1
1
1
1
1
1
1
1
1
1
1
1
1
1
1
1
2
2
6
10
18
28
44
51
60
73
77
82
97
102
102
106
106
113
117
122
143
146
151
159
166
176
178
185
189
190
190
198
210
217
233
238
238
244
254
271
304
310
330
368
420
460
523
588
619
649
663
690
705
718
751
771
797
824
835
847
863
869
889
915
925
935
960
981
992
1027
1028
1055
1068
1089
1141
1182
1319
1469
1530
1558
1620
1633
1643
1683
1749
1797
1801
1814
1835
1857
1859
1869
1877
1880
1884
1889
1905
1915
1924
1947
1950
1950
1950
1951
1991
2001
2010
2014
2033
2037
2039
2047
2054
2066
2069
2074
2076
2077
2081
2094
2154
2454
2511
2617
2646
2665
2671
2687
2697
2703
2724
2730
2730
2752
2753
2764
2770
2782
2805
2810
2810
2814
2815
2815
2823
2828
2834
2839
2839
2839
2841
2844
2871
2880
2881
2882
2886
2890
2893
2900
2902
2902
2918
2941
2947
2953
2959
2971
2984
2986
2989
2995
3012
3049
3092
3101
3111
3115
3121
3123
3123
3140
3147
3155
3169
3195
3234
3262
3271
3271
3276
3281
3283
3287
3299
3313
3324
3333
3345
3349
3360
3363
3374
3380
3382
3388
3395
3402
3513
4252
4459
4488
4523
4628
4752
4844
5038
5170
5244
5354
5475
5538
5625
5811
5978
6287
7153
7521
7872
8413
8870
9205
9791
10424
10663
11060
11335
11744
12187
12570
12970
13419
13929
14285
14715
15350
15723
16191
16583
17287
17674
18075
18402
18841
19280
19771
20171
20508
20967
21469
22028
22501
22988
23484
23987
24532
25410
26038
26559
27228
27877
28580
29378
30072
30613
31375
32135
32790
33478
34121
34737
35387
36049
36667
37261
37631
38059
38639
39231
39782
40380
41054
41603
42056
42702
43299
43856
44371
44774
45242
45726
46248
46780
47305
47840
48380
48949
49537
50229
50899
51594
52313
53062
53750
54419
55189
56076
56863
57587
58430
59167
59922
60694
61586
62445
63293
64157
64983
65698
66409
67115
67850
68576
69348
70235
71211
72174
73116
74056
74852
75654
76428
77184
77906
78420
78937
79480
79999
80517
81009
81467
81933
82430
82890
83094
83552
83870
84226
84610
84960
85150
85695
86039
86343
86685
86989
87286
87600
87907
88238
88392
88862
89024
89497
89655
90200
90514
90765
91018
91289
91561
91839
92088
92303
92442
92706
92917
93128
93295
93436
93595
93690
93910
94253
94564
94848
95131
95394
95620
95719
95949
96186
96354
96796
97105
97472
98050
98722
99518
100586
101379
102376
103487
104953
106484
108146
109862
111753
113676
115590
117529
119424
121338
123234
125906
128530
131098
133527
135796