0
0
0
0
0
0
0
0
0
0
0
0
0
0
0
0
0
0
0
0
0
0
0
0
0
0
0
0
0
0
0
0
0
0
0
0
0
0
0
0
0
0
0
0
0
0
0
0
0
0
0
0
1
1
1
1
1
1
1
2
2
2
3
3
3
3
5
5
6
7
7
7
10
10
12
12
14
14
14
15
19
19
19
29
32
32
32
66
66
92
107
140
162
174
213
237
275
318
375
375
442
533
592
678
778
852
930
930
1111
1164
1365
1526
1660
1818
1964
1964
2289
2591
2591
2728
3138
3138
3378
3634
3826
3976
4146
4346
4346
4521
4800
5026
5173
5310
5499
5714
5866
6081
6081
6242
6427
6582
6730
6879
7007
7220
7435
7740
8020
8020
8416
8580
8698
8796
8887
8887
8982
9257
9314
9320
9372
9500
9573
9689
9689
9767
9767
9894
9997
10084
10204
10204
10250
10250
10316
10417
10527
10527
10527
10762
10992
10992
11127
11237
11302
11302
11385
11424
11496
11579
11579
11579
11644
11738
11738
11780
11780
11850
11894
11894
11956
12033
12033
12115
12162
12211
12314
12410
12485
12546
12582
12623
12682
12836
12903
12974
12974
13045
13082
13189
13189
13189
13189
13189
13189
13189
13189
13407
13437
13437
13470
13470
13470
13516
13532
13532
13532
13535
13535
13535
13555
13555
13555
13576
13578
13578
13592
13604
13606
13610
13613
13640
13646
13653
13657
13658
13660
13660
13668
13668
13670
13673
13682
13685
13691
13691
13697
13697
13700
13700
13711
13724
13724
13728
13728
13733
13733
13742
13742
13747
13765
13777
13804
13804
13804
13819
13866
13905
13996
14033
14090
14155
14205
14301
14346
14401
14498
14626
14728
15047
15153
15299
15530
15839
16052
16187
16431
16649
16864
17068
17404
17627
17810
18045
18254
18535
18884
19196
19468
19747
20084
20296
20468
20844
21147
21386
21591
21864
22082
22265
22621
22823
22990
23100
23316
23572
23846
24058
24341
24588
24694
24888
25060
25238
25500
25730
25882
26039
26279
26279
26279
26279
26279
26279
27494
27619
27768
27827
27969
28097
28179
28233
28317
28450
28522
28522
28522
28522
28522
28522
28522
28994
29066
29291
29291
29380
29449
29488
29536
29577
29634
29634
29634
29765
29851
29851
29933
29933
29933
29933
29933
30052
30078
30115
30128
30128
30128
30128
30205
30236
30236
30284
30316
30347
30364
30417
30479
30479
30479
30479
30540
30540
30686
30686
30686
30873
30873
30873
30873
30989
30989
30989
30989
30989
30989
31147
31147
31282
31407
31407
31407
31407
31407
31407
31833
31833
31833
31833
31833
31833
31833
31833
31833
31833
31833
31833
31833
31833
32932
32932
33022
33022
33022
33022
33083
33157
33599
33673
33673
33673
33673
33891
33944
33944
33944
33944
33944
33944
33944
34082
34461
34461
34461
34461
34889
34889
34889
34889