0
0
0
0
0
0
0
0
0
0
1
1
1
1
1
1
1
1
1
1
1
1
1
1
1
1
1
1
1
1
1
1
1
1
1
2
3
11
14
14
19
32
62
87
146
179
225
326
424
620
771
923
994
1063
1146
1265
1410
1553
1733
1868
1986
2168
2398
2712
2998
3363
3663
3943
4359
4834
5320
5874
6475
6832
7172
7561
8299
8954
9599
10053
10448
10912
11349
11828
12432
13055
13743
14275
14663
15124
15831
16553
17311
18090
18563
18863
19426
20168
20966
21601
22133
22432
22693
23169
23826
24572
25359
26059
26568
26846
27301
28055
28755
29415
30103
30461
30720
31151
31818
32626
33236
33768
34171
34381
34871
35617
36417
37191
37964
38396
38661
39309
40210
41256
42295
43441
44224
44686
45363
46299
47736
49030
50367
51409
51827
52511
53729
55186
56682
57895
58597
58918
59718
61030
62728
64009
65212
65972
66392
67119
67924
68608
69297
69996
70366
70681
70932
71210
71747
72082
72459
72773
72879
73049
73364
73663
73936
74235
74435
74545
74676
74902
75199
75419
75681
75819
75861
75932
76215
76516
76818
77076
77379
77417
77582
77916
78341
78719
79099
79359
79432
79628
80045
80489
80851
81195
81421
81484
81658
81972
82323
82656
82954
83114
83171
83353
83578
83824
83958
83958
83958
83958
84379
84521
84532
84729
84985
84985
84985
85558
85707
85880
86194
86505
86505
86505
86505
87345
87575
87885
88237
88237
88237
88237
89436
89756
90289
90923
90923
90923
90923
92466
92863
93615
94283
94283
94283
94283
96145
96677
97532
98451
98451
98451
98451
100654
101332
102407
103200
103200
103200
103200
106380
107355
108969
110594
110594
110594
110594
115785
117913
121167
124355
124355
124355
124355
134532
137730
141764
146461
146461
146461
146461
162240
166707
171365
177355
177355
177355
177355
192439
196446
201055
208295
208295
208295
208295
225560
230514
236355
243129
243129
243129
243129
260758
266158
272643
278912
278912
278912
278912
297732
304793
312728
320098
320098
320098
320098
341029
348585
357466
367120
367120
367120
367120
389439
396048
396048
396048
396048
396048
396048
428533
437379
437379
437379
437379
437379
437379
469748
469748
482284
489471
489471
489471
489471
506866
512203
518783
523486
523486
523486
523486
533265
537967
542952
547166
547166
547166
547166
556289
560472
564557
566957
566957
566957
566957
576606
580916
584674
588062
588062
588062
588062
596174
600244
604577
608411
608411
608411
608411
617869
622102
627022
631166
631166
631166
631166
642099
647470
652465
657309
657309
657309
657309
669113
675292
680130
684961
684961
684961
684961
695975
701892
707192
712527
712527
712527
712527
725289
732070
738537
744272
744272
744272
744272
758335
765984
773690
780018
780018
780018
780018
796445
804886
813191
813191
813191
813191
813191
834993
841807
849629
857401
857401
857401
857401
876506
885385
892480
900138
900138
900138
900138
916830
924340
932076
938343
938343
938343
938343
953254
960520
967678
973604
973604
973604
973604
988554
995595
1002121
1007792
1007792
1007792
1007792
1021604
1027934
1027934