0
0
0
0
0
0
0
0
0
0
0
0
0
0
0
0
0
0
0
0
0
0
0
0
0
0
0
0
0
0
0
0
0
0
1
1
8
8
18
27
42
56
90
114
214
268
337
374
491
652
652
1139
1359
2200
2200
2700
3028
4075
5294
6575
7474
8795
9877
10897
11811
12928
14076
14829
15922
16605
17768
18827
19606
20505
21100
21657
22253
23280
24051
24551
25107
25415
25688
25936
26336
26732
27078
27404
27740
27944
28063
28268
28496
28677
28894
29061
29164
29264
29407
29586
29705
29817
29905
29981
30009
30060
30126
30207
30251
30305
30344
30380
30413
30463
30514
30572
30587
30597
30618
30658
30694
30707
30725
30736
30746
30761
30776
30796
30828
30845
30862
30871
30874
30893
30913
30936
30956
30965
30972
30988
31011
31044
31063
31094
31117
31131
31154
31187
31200
31235
31243
31292
31310
31332
31376
31428
31486
31555
31617
31652
31714
31851
31967
32101
32198
32268
32315
32369
32498
32586
32690
32817
32883
32946
33016
33148
33290
33382
33492
33591
33634
33742
33883
34000
34154
34302
34412
34477
34609
34802
35022
35232
35412
35550
35616
35746
35927
36108
36269
36451
36603
36708
36895
37169
37403
37671
37924
38124
38252
38449
38760
39026
39332
39627
39903
40060
40262
40645
41006
41346
41722
42014
42177
42393
42763
43127
43532
43957
44401
44592
44837
45306
45711
46239
46704
47179
47436
47751
48265
48795
49283
49283
49283
50378
50664
51101
51492
51864
51864
51864
52646
52871
53282
53832
54384
54384
54384
55932
56632
57709
58881
60368
60368
60368
64436
65881
68704
71317
74422
74422
74422
83159
86167
91763
97019
103653
103653
103653
121093
127042
135658
145044
154251
154251
154251
176177
182303
192376
202504
211913
211913
211913
229222
235202
243472
250396
257135
257135
257135
269974
274534
280648
285655
290601
290601
290601
300352
304593
309469
313978
318290
318290
318290
327072
330874
335660
340115
344497
344497
344497
354306
358568
363654
368695
373831
373831
373831
384557
388828
394453
399511
403989
403989
403989
413991
418266
423299
428197
428197
428197
428197
438284
442481
447905
452296
452296
452296
452296
461961
465981
470789
474764
477983
477983
477983
484506
487357
490358
492832
495228
495228
495228
499931
502191
504918
507123
509279
509279
509279
513599
515483
517705
519404
521320
521320
521320
525095
526728
528524
530289
531873
531873
531873
535153
536516
538118
539474
540727
540727
540727
543207
544282
545535
546754
547775
547775
547775
550224
551355
552698
553867
554932
554932
554932
557492
558622
559845
561068
562290
562290
562290
565034
566412
567903
569312
570645
570645
570645
573815
575253
577111
578861
580609
580609
580609
584252
586096
588118
590164
592217
592217
592217
596790
598713
601124
603092
605342
605342
605342
605342
610274
612575
615024
617543
617543
617543
623126
625367
627968
630194
632399
632399
632399
637304
639445
642131
644396
646509
646509
646509
651822
653957
656077
658143
659974
659974
659974
663952
665585
667380
669067
670613
670613
670613
674296
675671
677210
677210