0
0
0
0
0
0
0
0
0
0
0
0
0
0
0
0
0
0
0
0
0
0
0
0
0
0
0
0
0
0
0
0
0
0
0
0
0
0
0
0
0
0
0
0
0
0
0
0
0
0
0
0
0
0
0
0
0
0
0
0
1
1
1
5
5
5
5
9
10
10
10
16
16
16
19
19
19
19
19
19
25
25
25
29
33
33
38
38
39
39
42
42
42
42
42
43
43
43
43
43
44
44
44
44
44
45
45
47
47
47
47
47
48
48
50
51
58
58
58
58
58
59
70
86
106
121
121
122
122
122
122
123
123
123
124
124
125
141
144
146
152
164
164
170
177
177
177
178
187
187
198
204
219
231
231
242
255
256
256
269
279
293
312
328
338
358
372
372
372
372
394
394
394
417
439
458
477
496
496
496
522
540
561
584
608
627
650
674
694
717
738
757
780
809
847
892
944
999
1060
1125
1188
1255
1327
1327
1432
1515
1593
1677
1764
1844
1927
2008
2073
2143
2217
2293
2365
2440
2504
2563
2628
2703
2765
2830
2898
2973
3041
3104
3171
3229
3289
3351
3416
3476
3506
3540
3576
3614
3654
3691
3731
3765
3800
3833
3877
3924
3966
4001
4038
4072
4102
4148
4200
4247
4289
4329
4366
4411
4457
4504
4566
4616
4673
4718
4774
4826
4883
4931
4987
5033
5077
5134
5180
5224
5267
5319
5359
5408
5461
5528
5580
5633
5683
5728
5789
5843
5888
5964
6040
6102
6147
6215
6284
6352
6421
6486
6552
6613
6684
6759
6836
6919
6991
7079
7154
7225
7295
7369
7459
7542
7635
7715
7797
7887
7973
8059
8147
8233
8320
8403
8490
8580
8675
8787
8911
9041
9166
9302
9452
9603
9759
9928
10050
10195
10318
10442
10571
10701
10821
10932
11033
11138
11243
11344
11434
11526
11616
11710
11799
11890
11988
12084
12179
12274
12364
12462
12558
12660
12760
12850
12942
13036
13132
13224
13313
13398
13479
13557
13628
13697
13762
13823
13885
13944
13998
14048
14096
14142
14202
14267
14338
14408
14477
14551
14611
14668
14724
14765
14820
14863
14906
14951
15001
15045
15094
15143
15179
15230
15282
15343
15405
15467
15533
15588
15642
15696
15753
15815
15870
15925
15981
16042
16117
16187
16257
16328
16401
16478
16556
16656
16776
16925
17077
17240
17411
17583
17743
17896
18046
18201
18356
18498
18638
18775
18909
19039
19164
19284
19404
19526
19641
19761
19883
20008
20118
20226
20331
20435
20555
20713
20856
21004
21142
21279
21433
21584
21725
21864
21999
22135
22265
22389
22513
22631
22733
22818
22898
22977
23051
23121
23191
23256
23319
23379
23439
23490
23543
23595