1
1
3
3
4
5
8
8
9
10
10
10
10
11
11
16
16
17
18
18
18
18
18
18
18
20
22
22
23
24
26
26
28
30
31
32
32
34
39
40
41
42
42
44
45
45
45
45
47
48
49
50
53
59
67
77
100
108
135
153
169
195
215
235
252
267
283
298
306
322
329
339
348
355
363
373
376
379
380
382
385
388
393
393
395
395
395
398
420
422
425
426
427
428
429
429
429
429
429
429
429
432
436
438
438
439
440
440
440
440
440
440
440
440
440
440
440
440
440
440
440
441
441
441
441
441
441
441
442
442
442
443
443
443
443
443
443
443
443
443
443
443
443
443
443
445
445
445
446
446
446
446
446
446
446
447
447
447
447
447
447
447
448
449
449
449
449
449
449
449
449
451
451
451
451
451
451
451
451
451
451
451
455
455
458
458
458
462
467
467
467
467
474
475
474
476
476
477
477
479
477
477
480
481
481
481
482
484
485
486
486
486
487
487
487
487
487
487
487
487
488
488
488
488
489
489
490
492
493
494
495
495
496
498
498
498
499
499
500
503
503
506
507
509
509
509
509
510
510
510
513
513
514
515
517
517
517
518
521
523
524
527
527
527
529
530
530
531
535
535
535
540
543
544
548
548
550
550
550
550
550
553
554
555
558
563
567
568
569
573
573
577
578
580
584
589
597
600
602
603
605
607
609
611
611
617
618
618
623
625
639
648
651
675
679
685
686
690
694
716
716
718
720
724
725
733
736
740
742
749
757
759
763
766
766
770
776
776
780
783
785
793
795
797
799
802
808
812
815
817
819
822
825
828
828
834
838
842
842
843
851
855
862
868
870
881
881
884
889
889
890
893
895
899
909
911
912
915
917
919
923
924
927
928
933
935
936
937
937
937
937
937
938
940
941
942
942
942
942
946
951
951
954
955
955
955
958
960
960
967
969
976
977
978
978
984
984
985
990
990
990
998
1004
1005
1006
1006
1007
1009
1012
1013
1020
1022
1023
1024
1030
1036
1039
1045
1047
1048
1050
1050
1050
1054
1056
1057
1058
1062
1067
1068
1070
1072
1073
1076
1078
1082
1086
1090
1097
1100
1104
1110
1116
1121
1128
1132
1137
1145
1153
1160
1173
1178
1183
1184
1199
1210
1231
1256