0
0
0
0
0
0
0
0
0
0
0
0
0
0
0
0
0
0
0
0
0
0
0
0
0
0
0
0
0
0
0
0
0
0
0
0
0
0
0
0
0
0
0
0
0
0
0
0
0
0
0
0
0
0
0
0
0
0
0
0
0
0
0
0
0
0
0
0
0
0
0
0
0
0
0
0
0
0
0
0
0
0
0
0
0
0
0
0
0
0
0
0
0
0
0
0
0
0
0
15
15
76
128
230
293
379
461
522
612
612
661
729
801
907
1118
1322
1524
1729
1936
2140
2350
2551
2738
2929
3100
3266
3424
3563
3686
3807
3930
4013
4100
4191
4289
4370
4453
4529
4609
4690
4763
4834
4902
4971
5035
5097
5160
5221
5279
5338
5399
5457
5513
5567
5630
5691
5747
5799
5849
5900
5900
6005
6058
6058
6159
6213
6262
6315
6364
6410
6457
6506
6552
6596
6643
6695
6741
6786
6834
6878
6921
6967
7015
7060
7104
7150
7192
7235
7276
7320
7366
7409
7451
7495
7538
7583
7625
7665
7706
7706
7745
7827
7871
7912
7950
7989
8029
8065
8099
8131
8166
8203
8241
8277
8311
8346
8379
8413
8449
8481
8516
8516
8583
8619
8654
8690
8724
8757
8792
8824
8860
8899
8939
8977
9014
9049
9088
9129
9171
9214
9259
9303
9346
9388
9432
9475
9520
9562
9605
9646
9685
9726
9769
9811
9852
9895
9935
9974
10014
10055
10097
10137
10180
10222
10260
10297
10336
10374
10414
10455
10493
10533
10574
10613
10653
10695
10736
10776
10819
10860
10900
10939
10977
11017
11054
11096
11139
11180
11219
11256
11294
11336
11376
11417
11456
11496
11534
11573
11610
11649
11689
11731
11772
11815
11854
11894
11932
11971
12008
12044
12082
12118
12155
12194
12231
12269
12308
12349
12389
12428
12469
12511
12551
12588
12588
12624
12704
12741
12777
12815
12852
12888
12923
12960
12998
13034
13071
13106
13138
13172
13205
13237
13265
13296
13296
13296
13300
13300
13300
13305
13305
13305
13305
13305
13308
13308
13308
13308
13308
13308
13308
13308
13308
13308
13308
13308
13308
13308
13308
13308
13308
13308
13308
13308
13308
13308
13308
13308
13308
13308
13308
13308
13308
13308
13308
13308
13308
13308
13308
13308
13308
13308
13308
13308
13308
13308
13308
13308
13308
13308
13308
13308
13308
13308
13308
13308
13308
13308
13308
13308
13308
13308
13308
13308
13308
13308
13308
13308
13308
13308
13308
13308
13308
13308
13308
13308
13308
13308
13308
13308
13308
13308
13308
13308
13308
13308
13308
13308
13308
13308
13308
13308
13308
13308
13308
13308
13308
13308
13308
13308
13308
13308
13308
13308
13308
13308
13308
13308
13308
13308
13308
13308
13308
13308
13308
13308
13308
13308
13308
13308
13308
13308
13308
13308
13308
13308
13308
13308