0
0
0
0
0
0
0
0
0
0
0
0
0
0
0
0
0
0
0
0
0
0
0
0
0
0
0
0
0
0
0
0
0
0
0
0
0
0
0
0
0
0
0
0
0
0
0
0
0
0
0
0
0
0
0
0
0
0
0
0
1
1
1
1
1
1
1
1
1
1
1
1
1
1
1
1
1
1
1
2
2
2
4
6
8
18
18
18
19
22
23
23
23
24
24
24
24
24
24
24
24
24
24
24
24
24
24
24
24
24
24
24
24
24
24
24
24
24
24
24
24
24
24
24
24
24
24
24
24
24
24
24
24
24
24
24
24
24
24
24
24
24
24
24
24
24
24
24
24
24
24
24
24
24
24
24
24
24
24
24
24
24
24
24
24
24
24
24
24
24
24
24
24
24
24
24
24
24
24
24
24
24
24
24
24
24
24
24
24
24
24
24
24
24
24
25
25
25
25
25
25
25
25
25
25
25
25
25
25
25
25
25
25
26
26
26
26
26
27
27
27
27
27
27
27
27
27
27
27
27
27
27
27
27
27
27
27
27
27
27
27
27
27
27
27
27
27
27
27
27
27
28
28
28
28
28
28
28
28
28
28
28
28
28
29
29
29
29
29
29
29
29
29
29
29
29
29
29
30
30
30
30
30
30
30
30
30
30
30
30
30
30
30
30
30
30
30
30
30
30
30
30
30
30
30
30
30
30
30
30
30
30
30
30
30
31
31
31
31
31
31
31
31
31
31
31
31
31
31
31
31
31
31
31
31
31
33
41
41
41
41
44
44
44
44
44
44
46
49
49
49
49
49
49
49
49
49
51
51
51
52
52
52
52
53
53
53
64
67
67
67
68
68
69
70
70
70
75
77
80
80
80
80
80
86
86
100
100
101
102
102
102
102
103
103
103
103
103
107
109
110
110
111
113
113
113
113
113
119
119
122
129
142
145
159
170
178
196
203
208
216
229
252
271
326
335
351
372
394
452
480
491
512
563
604
643
677
714
714
766
779
779
787
877
947
947
1046
1074
1103
1138
1193
1236
1306
1368
1452
1509
1657
1657
1739
1897
1949
2048
2124
2190
2276
2276
2444
2524
2653
2786
2870
2965
3111
3227
3353
3493
3626
3879