0
0
0
0
0
0
0
0
0
0
0
0
0
0
0
0
0
0
0
0
0
0
0
0
0
0
0
0
0
0
0
0
0
0
0
0
0
0
0
0
0
0
0
0
1
1
1
1
1
1
1
1
1
1
1
1
1
1
9
16
16
18
20
23
23
25
25
25
30
34
36
39
40
41
44
58
65
70
73
76
76
76
77
77
81
81
83
84
84
84
86
88
88
90
96
98
98
99
109
116
123
123
124
126
128
128
135
145
153
174
181
199
219
238
263
298
301
330
338
340
354
363
373
381
386
391
395
422
428
433
442
443
445
452
465
485
487
495
497
501
522
524
525
530
530
531
537
544
547
555
561
569
569
576
583
588
591
615
642
643
650
661
667
671
676
680
680
689
695
704
710
710
720
721
731
740
749
766
774
778
783
790
806
828
839
853
868
874
896
896
908
941
958
961
976
988
1001
1012
1028
1046
1060
1067
1070
1092
1104
1124
1130
1147
1154
1173
1190
1212
1239
1275
1277
1295
1309
1326
1326
1365
1390
1396
1400
1416
1434
1443
1457
1477
1488
1493
1513
1528
1537
1548
1555
1572
1578
1595
1608
1618
1640
1659
1666
1669
1683
1701
1707
1722
1736
1743
1749
1759
1784
1809
1818
1840
1854
1864
1881
1898
1907
1921
1935
1940
1949
1972
1983
1996
2027
2049
2057
2071
2104
2120
2139
2162
2187
2200
2204
2229
2238
2296
2312
2331
2357
2364
2381
2406
2442
2460
2483
2516
2523
2558
2593
2605
2627
2651
2675
2693
2722
2752
2771
2796
2829
2843
2854
2872
2889
2904
2926
2946
2962
2974
2997
3014
3039
3051
3051
3095
3111
3132
3151
3182
3202
3221
3251
3266
3295
3315
3330
3350
3396
3416
3436
3467
3494
3520
3546
3555
3555
3576
3604
3611
3633
3662
3683
3702
3722
3770
3807
3845
3894
3932
3957
3978
4045
4109
4165
4220
4272
4302
4324
4383
4459
4505
4545
4636
4662
4682
4682
4870
4922
4922
5041
5074
5092
5166
5224
5290
5356
5436
5483
5496
5576
5606
5687
5757
5823
5874
5882
5953
6007
6085
6182
6268
6319
6348
6466
6548
6637
6730
6851
6901
6933
7086
7188
7323
7428
7521
7570
7598
7680
7737
7857
7953
7953
8070
8222
8322
8472
8582
8695
8839
8918
8960
9147
9147
9506
9676
9676
9955
9992
10249
10249
10654
10848
11064
11187
11249
11310
11501
11649
11814
11947
12006
12034
12034
12214
12214
12391
12496
12533
12553
12610
12657
12698
12742
12787
12787
12827
12884
12898
12931
12967
12992
13010
13010
13037
13068
13068
13106
13106
13154
13167
13167
13210
13238