0
0
0
0
0
0
0
0
0
0
0
0
0
0
0
0
0
0
0
0
0
0
0
0
0
0
0
0
0
0
0
0
0
0
0
0
0
0
0
0
0
0
1
1
1
1
2
2
5
7
7
16
18
18
20
24
29
39
54
60
75
89
114
173
197
227
278
312
312
394
423
455
495
553
574
596
623
628
643
671
685
707
726
747
780
822
864
864
879
884
884
909
918
922
939
949
967
975
980
994
998
1009
1013
1018
1022
1025
1026
1030
1032
1032
1032
1032
1032
1032
1035
1037
1037
1043
1044
1045
1046
1048
1048
1051
1051
1051
1051
1068
1071
1076
1077
1084
1086
1087
1087
1087
1087
1087
1087
1087
1087
1087
1093
1094
1096
1110
1125
1128
1132
1146
1156
1157
1159
1159
1160
1162
1164
1168
1169
1172
1174
1175
1178
1181
1186
1188
1199
1205
1221
1231
1240
1245
1263
1302
1306
1319
1327
1336
1348
1374
1381
1389
1394
1406
1425
1443
1452
1455
1468
1488
1514
1535
1552
1561
1565
1584
1601
1642
1656
1678
1697
1717
1738
1780
1847
1903
2023
2107
2185
2314
2427
2543
2607
2738
2818
2893
3069
3206
3323
3461
3572
3685
3803
3963
4196
4394
4542
4776
5041
5124
5417
5417
5882
6259
6635
6635
7382
7623
8100
8570
8570
9110
10732
11260
11260
12479
13305
14392
14392
16114
16114
17405
18413
18413
19721
20944
22230
22230
22230
24542
26899
26899
31259
32556
32556
32556
34790
34790
34790
40542
40542
42727
44450
45892
45892
47214
48799
48799
52399
52399
54278
54278
58029
59813
61115
61906
63126
64363
66334
66334
69543
71119
71569
72993
74522
76106
77668
79339
80404
81003
81723
83772
83772
86265
87471
88711
89196
90213
91307
92475
93770
94980
96251
96769
96769
99280
99280
101900
102991
104002
104329
105445
106856
107814
109104
110393
111361
111361
113241
114547
115966
117582
119151
120687
121718
123323
125000
126752
128578
130230
131592
133204
134802
137216
139140
140557
141979
143544
144796
147061
149881
152254
154903
157514
159276
162350
164936
168568
170895
175065
177231
180090
181885
184483
188373
190884
193273
195314
197373
198636
200662
202323
204351
206030
207468
208885
210045
211412
212679
213949
215112
216176
217086
217753
218564
219650
220478
221455
222504
223244
223549
224329
225116
226015
226740
227643
228362
228937
229781
230443
231298
231964
232615
233277
233669
234231
235008
235643
236356
237028
237704
238017
238613
239368
239977
240617
241257
241834
242124
242673
243439
243935
244776
245405
245706
245923
246507
247254
248037
248782
249703
250565
251169
252171
254018
255308
256931
258335
260044
261177
263043
264994
266827
268837
270297
271861
272940
274604
276727
279376
281777
283976
285490
287061
289230
291833
294138
296343
298572
300342
301627
303584
305313
307215
309119
310734
311743
312747
314152
315600
317010
318236
319512
320813
321837
322998
324103
324823