0
0
0
0
0
0
0
0
0
0
0
0
0
0
0
0
0
0
0
0
0
0
0
0
0
0
0
0
0
0
0
0
0
0
0
0
0
0
0
0
0
0
0
0
0
0
0
0
0
0
0
0
0
0
0
0
0
0
0
1
1
9
9
14
14
23
30
33
33
44
44
45
48
48
52
52
52
53
53
53
53
54
54
55
55
55
56
55
55
56
61
63
74
75
75
79
79
79
81
83
85
88
89
97
98
100
101
101
116
121
121
129
139
160
203
227
227
248
260
264
160
175
198
198
222
253
281
317
329
413
417
457
489
507
522
557
593
616
646
657
665
679
686
694
696
705
724
732
741
755
763
770
774
797
805
821
833
848
859
870
889
893
902
911
927
939
953
971
977
1000
1006
1013
1025
1029
1040
1043
1051
1056
1062
1065
1069
1072
1075
1079
1089
1103
1115
1128
1135
1140
1147
1154
1176
1182
1195
1203
1213
1223
1254
1267
1283
1297
1313
1332
1353
1385
1434
1500
1560
1603
1656
1750
1848
2166
2263
2362
2426
2524
2679
2756
2847
2928
2972
3037
3112
3288
3353
3539
3667
3776
3900
4101
4291
4377
4703
4799
4978
5123
5266
5380
5594
6017
6287
6468
6712
6879
7064
7218
7364
7530
7777
8017
8129
8287
8491
8662
8808
8965
9082
9260
9442
9538
9701
9801
9864
9945
10069
10117
10334
10455
10590
10691
10788
10933
11041
11163
11297
11443
11557
11621
11767
12201
12410
12495
12743
12971
13099
13351
13568
13852
14066
14403
14574
14704
14993
15217
15402
15789
16020
16257
16563
16905
17148
17431
17667
17968
18165
18406
18890
19115
19588
19944
20145
20459
21035
21409
21612
21898
22188
22499
23200
23200
25059
25730
26369
27071
27532
27766
28168
28733
29361
30071
30702
31187
31384
31910
32399
32914
33360
33563
33811
33973
34281
34677
35216
35511
35712
35922
36050
36407
36702
37074
37296
37554
37742
37808
37948
38085
38085
38085
38085
38085
38085
38534
38628
38806
38935
39044
39149
39188
39261
39314
39424
39490
39533
39579
39606
39651
39685
39735
39789
39821
39848
39860
39883
39911
39942
39979
40019
40019
40055
40063
40102
40154
40168
40199
40213
40221
40243
40261
40300
40322
40335
40357
40367
40395
40408
40426
40452
40452
40464
40479
40490
40520
40535
40544
40544
40581
40591
40593
40607
40625
40651
40651
40671
40687
40719
40719
40734
40751
40767
40794
40820
40839
40867
40889
40924
40962
40962
41016
41023
41046
41062
41086
41113
41140
41174
41204
41237
41263
41310
41340
41378
41396
41422
41475
41529
41575
41575
41655
41715
41737
41766
41797
41866
41905
41905
41973
42032
42102
42152
42224
42308
42355
42384
42427
42487
42578