0
0
0
0
0
0
0
0
0
2
2
2
8
8
9
9
9
13
14
14
15
16
17
18
18
18
19
19
20
22
23
23
28
30
34
37
44
56
61
94
134
189
246
295
374
429
483
630
889
1301
1790
2270
2634
3077
3692
4462
5468
6534
7792
9007
10395
12744
15126
17843
20970
24219
27062
29954
34281
38815
43789
48718
53699
57772
61422
66738
72224
77387
82293
86660
90273
93812
98017
102365
107465
112808
117798
122534
126394
131260
136035
141540
146708
151689
155453
158926
163630
168357
173807
178771
183501
186731
189708
193091
196780
200616
204387
207439
209589
211911
215500
218895
222195
224813
227334
229406
231232
233809
236867
239579
242133
244174
245682
247037
248650
250309
252118
253854
255362
256469
257539
258983
260453
261802
263040
264150
264944
265662
266756
267915
269101
270108
271162
272050
272857
273888
274971
275970
276990
277974
278640
279264
280156
281038
281815
282512
283151
283785
284192
284812
285216
285279
285285
285787
286412
286931
287290
287874
288511
289154
289678
290504
291154
291691
292931
293469
294116
294803
295632
296358
296944
297389
297952
298731
299500
300270
301020
301708
302261
303063
303910
304793
305562
306309
307251
307926
308832
309796
310696
311461
312574
313392
314542
315581
316729
318190
319232
320343
321064
322177
323008
324203
325263
326595
327643
328620
329821
330967
332509
333806
334916
336668
338083
339415
340929
342708
344686
346513
349500
352453
354934
357615
360546
364090
367594
370932
373557
376672
380679
384089
388418
392847
396746
401124
406060
412247
418891
425769
431819
437519
441575
448731
455848
462777
469771
482656
505621
518224
532781
546954
564504
578392
593567
606449
620460
637710
657461
676457
692114
708300
725294
744124
765489
792196
813453
834012
857045
876842
897742
920666
945380
968458
992876
1014795
1038056
1057023
1077101
1102307
1126471
1149793
1174772
1195352
1216749
1237200
1260200
1293717
1321033
1347909
1372886
1394302
1414362
1434007
1456943
1477217
1497138
1515805
1531270
1542614
1560875
1578432
1593253
1609144
1621308
1633736
1647233
1663470
1678421
1694803
1710382
1727754
1742528
1754914
1771548
1792614
1814398
1835952
1854493
1874870
1893439
1918739
1954271
1982831
2010080
2046164
2079681
2116612
2155999
2195148
2227951
2262739
2295232
2336692
2389967
2440206
2496235
2549693
2607546
2662703
2721626
2782713
2845269
2898056
2966248
3026346
3081372
3127647
3173295
3220957
3269761
3325646
3367074
3405744
3443354
3476808
3515800
3553777
3594098
3627750
3657861
3680105
3700272
3725641
3754452
3783597
3806997
3828187
3846855
3863761
3882976
3903710
3922914
3941277
3957181
3971319
3983760
3996837
4010380
4025578
4038933
4049924
4059700
4070336
4083096
4095191
4107290
4117743
4127578
4138237
4146760
4156707
4166727
4175315
4182772
4188827
4194289
4200700
4207120
4213764
4219788
4225906
4231166
4235989
4241858
4247879
4254714
4261398
4267015
4271710
4276840
4282203
4287996
4294328
4299200
4304839
4310195
4315602
4321019
4326645
4332922
4339157
4343066
4347013
4351796
4355867
4359982
4364547
4367969
4371393
4373798
4376629
4379033
4381830
4384954
4380167
4382880
4384610
4388296
4390801
4393330
4396096
4398903
4401176
4403060
4406114
4408644
4411068
4413834
4416588
4418710
4420443
4422562
4425259
4427390
4429849
4432246
4434157
4435831
4437505
4439489
4441644
4444262
4446752
4448808
4450578
4452956
4455446
4457742
4460405