0
0
0
0
0
0
0
0
0
0
0
0
0
0
0
0
0
0
0
0
0
0
0
0
0
0
0
0
0
0
0
0
0
0
0
0
0
0
0
0
0
0
0
0
0
0
0
0
0
0
0
4
6
8
29
50
79
94
110
135
158
162
189
217
238
274
303
309
320
338
350
369
386
400
406
415
424
456
473
494
501
480
483
492
493
502
508
517
528
535
543
549
557
563
596
606
620
625
630
643
648
652
655
657
670
673
684
694
702
707
711
717
719
724
732
733
734
737
738
746
749
753
764
769
787
789
803
811
816
821
823
825
826
828
832
834
845
845
845
846
847
847
847
847
848
848
849
849
850
853
859
876
882
885
902
907
919
924
929
932
936
943
947
952
955
956
960
965
974
977
985
986
987
989
997
1009
1026
1037
1044
1054
1064
1096
1117
1141
1166
1174
1192
1202
1218
1237
1243
1264
1278
1286
1291
1300
1309
1318
1325
1335
1353
1364
1385
1393
1409
1421
1434
1440
1457
1485
1493
1506
1516
1521
1527
1533
1536
1543
1551
1556
1570
1585
1595
1611
1626
1636
1653
1669
1679
1693
1712
1741
1759
1773
1780
1808
1812
1827
1856
1876
1890
1904
1917
1927
1934
1946
1959
1967
1998
2008
2010
2033
2046
2061
2097
2122
2145
2155
2177
2206
2226
2251
2268
2294
2313
2337
2388
2417
2450
2501
2531
2560
2623
2663
2701
2759
2807
2851
2872
2916
2981
3044
3082
3124
3149
3165
3196
3245
3309
3370
3441
3514
3560
3620
3700
3795
3883
3957
4030
4104
4208
4296
4377
4477
4564
4699
4763
4870
4988
5117
5303
5511
5716
5857
6024
6225
6455
6731
6965
7303
7505
7806
8104
8487
8849
9180
9708
10029
10418
10893
11436
11950
12557
13048
13477
14001
14710
15457
15848
16218
16728
17306
17962
18480
19119
19753
20275
20823
21426
22104
23048
23807
24339
24974
26186
26901
27846
28475
29989
30946
31669
32378
32863
33446
34294
34992
36170
36967
37633
38041
38680
39328
39887
40529
41181
41738
42128
42667
43215
43804
44303
44812
45311
45650
46153
46778
47254
47828
48459
48909
49360
49725
50208
50752
51377
52163
52815
53310
53973
54874
55695
56542
57362
57994
58589
59171
60074
60945
61929
63010
63837
64700
65527
66484
67717
69074
70133
71691
72862
73770
75138
76816
78401
79923
81537
84230
86007
87812
89458
92343
95278
97406
99584
102461
105549
108188
111568
113904
117757
119958
123063
126987
130657
137946
141380
144642
147173
149430
152089
156499
159569
162400
164744
167033
169327
172601
175891
179537
182326
184865
187349
190096
193027
195734
198428
200908
202492
204120
206946
209867
213449
216146
218800
220683
222870
225847
228102
231901