0
0
0
0
0
0
0
0
0
0
0
0
0
0
0
0
0
0
0
0
0
0
0
0
0
0
0
0
0
0
0
0
0
0
0
0
0
0
0
0
0
0
0
0
0
0
0
0
0
0
0
0
0
1
6
10
15
23
33
43
43
46
50
60
75
88
104
144
149
172
181
205
227
266
342
457
520
545
582
624
767
865
998
1165
1302
1349
1405
1490
1565
1627
1678
1716
1758
1804
1862
1869
1904
1939
2002
2039
2086
2118
2149
2189
2207
2233
2298
2325
2349
2418
2486
2519
2612
2645
2686
2738
2753
2791
2855
2939
2964
3028
3115
3164
3189
3290
3369
3444
3468
3546
3623
3702
3760
3843
3939
4007
4094
4331
4440
4520
4623
4741
4869
4966
5080
5263
5493
5682
5767
5946
6153
6315
6461
6662
6990
7177
7427
7682
7948
8222
8503
8781
9078
9396
9708
10020
10362
10838
11092
11564
12027
12513
12997
13591
14085
14581
15066
15607
16186
16752
17149
17881
18379
18986
19360
19952
20531
21209
21699
22585
23271
24009
24783
25336
26066
27047
27793
28315
29057
29652
30609
31304
31747
32654
33323
33821
34528
35329
35702
36352
37112
37547
38074
38532
38946
39348
39641
39964
40447
40720
41067
41424
41893
42127
42437
42688
42998
43293
43587
43893
44281
44930
45473
46160
46721
47287
47836
48429
49015
49627
50253
50992
51640
52070
52685
53275
53834
54392
54819
55320
55776
56354
56717
57190
57454
58238
58612
58946
59343
59579
60026
60342
60776
61098
61319
61642
61950
62278
62588
62809
63124
63523
63831
64010
64439
64724
64923
65307
65667
65881
66141
66392
66628
66932
67156
67254
67553
67779
68009
68139
68367
68730
69027
69027
69397
69560
69754
69987
70243
70381
70648
70858
70921
71208
71431
71617
71774
71985
72227
72409
72513
72718
72870
73094
73276
73335
73431
73751
73751
74053
74053
74206
74352
74498
74811
74811
74956
75094
75241
75538
75538
75675
75806
75933
76048
76180
76315
76456
76568
76666
76751
76832
76907
76985
77060
77182
77182
77258
77258
77295
77350
77412
77485
77530
77572
77611
77663
77716
77777
77904
77968
77968
78036
78091
78163
78219
78272
78317
78375
78429
78471
78510
78556
78602
78711
78711
78755
78801
78859
78916
78989
79045
79098
79162
79204
79237
79303
79340
79381
79416
79442
79461
79497
79548
79598
79632
79654
79681
79717
79749
79773
79804
79836
79926
79926
79961
80035
80035
80081
80125
80176
80219
80247
80268
80392
80392
80481
80567
80678
80743
80858
80971
81095
81339
81339
81446
81678
81678
81816
81960
82146
82340
82536
82682
82869
83050
83239
83435
83623
83802
83935
84127
84322
84529
84724
84922
85114
85291
85503
85730
86022
86338
86680
86982
87225
87551
87935
88280
88679
89027
89355
89630
90008
90406
90808
91250
91643
92006
92320
92724
93176
93597
93978
94397
94759
95072
95467
95826