0
2
2
2
2
2
2
2
2
2
6
6
8
8
8
10
10
13
13
14
15
15
16
16
16
16
16
16
16
16
16
16
16
16
16
16
16
16
16
16
16
16
16
16
16
18
30
30
31
38
39
47
53
56
61
66
75
85
91
94
113
123
134
141
153
163
174
188
203
212
218
233
237
240
241
245
249
251
255
257
258
262
265
266
267
268
268
268
268
268
268
268
268
270
270
270
270
270
270
270
270
270
271
271
271
271
288
288
288
288
288
288
288
312
314
318
320
324
324
324
324
324
325
325
326
327
327
327
328
328
328
328
328
328
328
328
329
331
332
332
332
332
333
334
334
334
334
335
342
349
349
349
349
349
352
352
353
355
355
355
355
355
355
355
355
355
369
369
369
369
370
370
372
373
373
381
381
382
382
383
384
401
408
412
415
417
420
431
446
459
509
558
590
621
652
672
717
750
789
812
841
847
866
883
911
930
951
964
983
989
994
1007
1009
1014
1016
1022
1029
1034
1036
1038
1040
1040
1044
1044
1046
1046
1049
1049
1049
1049
1054
1059
1059
1060
1060
1063
1063
1063
1063
1066
1068
1068
1068
1068
1068
1069
1069
1069
1069
1074
1077
1094
1094
1095
1096
1096
1096
1097
1098
1099
1100
1105
1107
1109
1110
1113
1122
1124
1124
1126
1134
1140
1141
1144
1148
1148
1160
1168
1169
1172
1173
1177
1177
1180
1180
1192
1202
1203
1207
1212
1213
1213
1215
1226
1252
1253
1256
1265
1281
1283
1288
1300
1304
1305
1306
1307
1312
1316
1321
1331
1339
1341
1343
1347
1351
1358
1361
1361
1365
1366
1367
1377
1381
1385
1391
1395
1397
1402
1405
1405
1407
1410
1411
1413
1414
1420
1421
1432
1439
1440
1441
1451
1454
1456
1465
1474
1482
1494
1497
1504
1505
1509
1512
1513
1514
1515
1520
1521
1531
1536
1537
1537
1539
1540
1544
1546
1548
1548
1548
1549
1551
1553
1651
1657
1767
1817
1850
1882
1948
1957
1976
1985
2001
2050
2064
2091
2140
2142
2195
2228
2269
2311
2329
2347
2362
2368
2383
2392
2403
2412
2421
2426
2432
2448
2448
2475
2482
2488
2494
2501
2512
2524
2526
2529
2533
2550
2553
2554
2557
2560
2567
2570
2571
2572
2572
2575
2575
2576
2579
2586
2586
2591
2594
2594
2603
2617
2620
2626
2631
2637
2648
2659
2668
2683
2692
2693
2705
2714
2733
2758
2772
2781
2785
2791
2800
2812
2824
2830
2833
2843
2852
2857
2865
2910
2928
2942
2962
2985
2995
3030
3090
3137
3245
3412
3489
3571
3658
3740