0
0
0
0
0
0
0
0
0
0
0
0
0
0
0
0
0
0
0
0
0
0
0
0
0
0
0
0
0
0
0
0
0
0
0
0
0
0
0
0
0
0
0
0
0
0
0
0
0
0
0
0
0
0
0
0
2
2
2
2
3
3
3
12
16
22
28
29
35
35
36
39
39
39
39
39
39
39
39
40
40
43
45
45
48
48
52
57
61
65
70
74
76
84
84
88
88
95
97
106
109
119
124
137
138
146
153
167
252
267
267
441
446
654
654
679
753
761
772
832
866
920
920
920
920
920
1057
1057
1057
1057
1057
1089
1089
1089
1089
1089
1089
1089
1200
1200
1200
1200
1321
1357
1358
1382
1405
1412
1416
1430
1430
1430
1430
1477
1489
1497
1531
1531
1557
1568
1594
1632
1632
1632
1632
1632
1632
1895
1895
1895
1895
1895
1895
1895
1895
1895
1895
2810
2980
2980
3326
3386
3583
3789
3856
4328
4481
4552
5002
5249
5555
5963
6228
6347
6580
6793
7022
7164
7486
7903
8085
8210
8275
8501
8663
9021
9186
9343
9839
9981
10218
10372
10627
10831
11082
11148
11285
11376
11601
11779
11902
12025
12097
12381
12415
12523
12639
12709
12776
12836
12952
13112
13214
13323
13466
13539
13720
13819
13887
13928
14022
14070
14131
14175
14389
14443
14491
14515
14612
14641
14660
14715
14759
14802
14830
14974
15052
15089
15170
15224
15301
15339
15415
15458
15549
15587
15616
15659
15659
15789
15853
15897
15982
16000
16035
16095
16117
16117
16200
16243
16285
16325
16415
16432
16480
16543
16661
16698
16770
16819
16908
16954
16971
16997
17036
17056
17093
17097
17123
17187
17243
17280
17350
17373
17394
17424
17454
17466
17535
17553
17569
17589
17608
17647
17665
17700
17730
17857
17898
17916
17931
17963
18062
18091
18161
18217
18274
18322
18428
18456
18504
18575
18620
18716
18768
18881
19122
19234
19571
19671
19834
19943
20177
20462
20725
20997
21230
21582
21993
22645
23495
24297
25326
26567
27728
28596
29757
31100
32800
34278
36074
37605
38207
39515
40949
42213
43333
44592
45337
46146
47622
48911
50319
51624
53352
54217
55042
56233
57489
59003
60427
61427
62633
63573
64610
65573
66598
67681
68454
69437
70248
70823
71677
72467
73203
73894
74503
75027
75582
76484
77171
77639
78202
78534
79002
79557
80090
80687
81341
82011
82421
82655
82897
83333
83913
84240
84474
84797
84950
85240
85502
85889
86059
86273
86449
86535
86779
86993
87318
87583
87583
87872
88012
88199
88418
88549
88730
88800
88930
89009
89071
89386
89592
89783
89918
90029
90064
90218
90389
90532
90750
90844
90918
90942
91042
91119
91189
91251
91317
91358
91378
91418
91484
91533
91586
91670
91693
91722
91804
91849
91946
92004
92057
92092
92112
92152
92211
92262